10577
2723
5 7 38 56
6 6 90 20
1 5 65 2
7 5 60 43
2 5 45 37
6 5 42 48
7 5 24 79
6 5 18 59
2 5 9 81
8 6 9 84
3 5 5 47
3 5 24 80
4 5 17 28
7 5 4 25
1 5 69 12
8 4 78 48
8 4 76 59
7 4 74 72
8 4 69 43
1 4 73 19
3 4 66 2
8 4 62 14
2 5 62 14
3 4 55 20
5 6 55 21
7 4 56 69
1 4 54 22
4 4 53 10
6 4 50 2
7 4 50 6
1 4 52 82
7 4 52 83
1 4 49 64
7 4 44 21
2 4 48 22
7 5 48 22
7 4 61 37
6 5 72 34
4 5 72 37
3 4 43 70
4 4 41 2
8 4 52 1
1 4 79 42
5 4 36 64
5 4 83 8
2 4 35 21
7 4 35 60
3 5 36 61
4 4 25 67
1 4 22 59
3 4 27 17
3 4 21 87
6 4 19 60
3 4 35 67
5 4 18 19
3 4 18 19
3 4 15 53
4 4 13 15
3 4 8 84
2 4 7 87
1 4 5 65
8 4 4 71
2 4 3 45
5 5 4 48
6 4 8 37
6 4 2 14
2 4 1 1
5 4 19 45
5 4 15 53
3 4 1 68
5 4 53 58
6 4 40 3
1 4 70 61
3 4 53 61
8 4 75 63
3 3 88 30
4 3 83 64
1 3 80 7
1 3 80 30
1 3 81 28
6 3 80 32
5 5 81 30
5 3 79 9
3 3 78 51
6 3 80 48
3 3 80 50
5 3 76 64
6 3 82 58
1 3 76 64
4 3 75 42
8 3 75 42
3 3 75 37
7 3 76 42
1 3 75 87
3 3 75 65
7 3 78 65
7 3 74 67
1 3 73 43
4 3 71 1
5 3 71 1
4 3 71 62
1 3 83 16
6 3 69 39
4 3 80 86
6 3 80 87
3 3 83 85
4 3 66 8
8 5 66 9
1 3 80 8
8 3 71 64
5 3 72 66
4 3 73 67
5 3 84 69
2 3 71 64
3 3 74 63
5 3 70 63
1 3 69 40
1 4 83 39
3 3 81 39
5 3 81 40
8 3 78 39
6 3 68 40
7 3 75 37
4 3 75 39
3 3 67 1
7 3 79 8
2 4 78 9
5 4 78 9
7 3 65 44
8 3 66 68
3 3 66 68
4 3 76 45
8 3 64 69
6 3 64 75
5 3 83 76
2 5 83 74
1 3 66 10
5 3 72 9
2 3 64 64
8 4 68 62
4 3 63 61
2 3 61 17
1 3 66 18
6 3 71 19
1 5 77 18
7 5 77 18
2 4 76 19
2 3 74 76
2 3 71 21
6 3 60 33
4 3 56 4
8 3 63 6
4 6 63 3
5 4 63 5
8 3 63 4
2 4 62 4
5 3 57 9
2 3 56 64
7 4 56 66
2 3 61 63
7 3 61 65
5 3 61 64
8 4 68 62
1 3 61 67
5 3 60 67
7 3 58 63
7 3 62 1
2 3 53 36
5 3 55 30
8 3 68 38
4 5 68 39
7 3 60 14
6 3 63 14
8 3 74 75
7 3 79 76
7 3 81 75
5 3 58 32
6 4 82 32
4 3 53 45
8 3 53 47
3 4 53 47
7 4 52 47
2 3 57 48
4 3 53 71
8 3 73 15
2 3 62 48
8 3 64 29
7 3 51 57
7 4 86 55
4 4 86 55
1 3 69 55
8 3 50 87
6 3 71 55
3 3 77 88
6 3 74 88
2 4 50 88
4 3 60 87
4 3 76 86
5 7 73 86
8 3 62 88
8 4 73 88
2 5 72 88
8 3 60 87
4 3 64 88
8 3 52 34
2 3 61 36
6 4 61 37
6 3 66 35
1 3 65 49
7 3 67 48
7 3 72 34
3 3 67 36
3 3 78 32
4 3 69 36
7 3 48 10
7 3 80 84
2 3 47 6
2 3 46 30
6 5 46 31
1 4 48 10
3 3 56 12
2 3 57 12
3 3 51 34
7 3 53 32
1 3 64 29
4 3 68 4
8 3 67 36
1 3 66 27
3 3 54 9
1 3 69 33
3 3 70 32
5 3 63 28
2 3 49 11
7 3 60 12
3 3 60 14
2 3 62 9
2 3 66 11
6 3 49 10
4 3 65 10
3 3 67 10
5 3 49 59
4 3 71 59
7 3 51 61
1 3 49 61
7 3 58 60
3 3 66 58
8 3 66 59
7 3 65 60
4 4 65 61
1 3 62 59
8 3 46 64
7 3 45 41
3 3 68 42
7 3 65 40
6 3 44 38
5 3 63 38
5 4 70 34
4 3 53 32
2 3 52 32
2 3 65 34
1 3 58 34
2 3 70 14
6 3 72 39
2 3 71 40
8 5 71 41
4 3 72 15
8 3 44 65
1 3 44 57
1 3 44 65
2 3 62 38
2 3 64 40
5 3 52 64
1 5 58 64
8 3 42 10
5 3 42 72
3 3 57 71
3 4 66 72
5 4 66 73
2 5 68 72
8 3 54 71
7 3 43 58
8 3 58 60
5 3 55 70
8 4 68 67
4 3 62 57
7 3 62 58
4 3 43 60
6 4 62 57
8 4 74 55
2 4 74 57
3 3 42 52
8 3 67 33
8 3 70 34
3 3 61 59
6 3 73 57
4 3 46 60
3 3 53 59
2 3 56 60
6 3 53 59
8 3 62 58
3 3 54 58
6 3 79 53
2 3 41 42
8 3 39 25
5 3 59 23
3 3 71 24
8 3 75 24
7 6 71 26
2 4 39 25
8 3 72 28
4 3 72 27
1 3 68 25
2 3 74 53
3 3 74 24
8 6 73 23
3 3 69 25
1 3 59 24
3 3 40 58
3 3 47 56
7 5 52 57
5 3 41 59
3 4 58 60
1 3 41 60
7 4 41 60
6 5 54 60
8 3 41 70
6 3 42 61
1 3 40 38
5 3 63 56
2 4 63 55
6 3 40 38
1 4 54 36
4 3 50 39
1 3 37 45
7 3 60 39
2 3 56 69
1 3 48 47
8 3 65 45
5 3 48 47
1 3 35 41
5 5 61 38
4 3 35 66
5 3 34 22
7 3 56 24
3 5 56 25
6 3 61 22
1 4 72 20
6 5 64 21
1 3 68 42
4 3 64 23
7 3 74 18
3 3 51 21
2 3 74 25
7 5 74 26
6 3 62 23
2 3 62 24
5 3 35 41
8 3 42 41
5 3 51 21
4 3 50 21
5 3 63 19
3 3 63 19
8 4 62 18
3 3 64 16
7 3 64 16
4 3 63 16
8 4 65 15
5 4 63 18
1 3 65 15
7 5 65 16
4 4 64 16
8 3 70 14
3 3 69 15
7 3 49 22
3 3 44 43
1 3 35 88
3 3 49 87
1 3 69 89
6 3 35 89
1 3 34 60
1 3 33 5
4 3 63 6
3 3 64 8
5 3 64 8
6 3 59 3
6 3 33 5
5 3 33 3
5 4 63 5
8 3 58 1
8 4 63 2
3 3 63 4
4 3 77 43
5 3 60 3
1 3 33 3
2 5 66 3
2 3 33 3
1 3 66 2
2 3 33 62
8 3 33 62
5 3 33 82
7 3 66 2
3 3 73 27
2 3 33 83
8 3 61 82
8 4 72 82
4 3 61 84
1 4 73 84
1 3 31 6
7 3 81 51
5 3 30 9
8 5 31 8
4 4 45 8
5 3 30 75
4 3 74 73
1 3 42 74
1 3 38 73
3 6 67 72
1 3 36 5
1 4 44 3
5 3 53 3
7 3 55 2
3 3 44 2
7 3 44 3
4 4 43 4
4 3 60 1
5 4 60 3
2 3 66 1
6 3 43 5
6 3 36 7
1 3 52 6
8 3 36 5
1 5 64 6
5 3 63 9
3 3 35 6
7 3 31 25
4 3 53 27
5 3 57 26
6 3 53 28
1 3 45 27
2 3 67 82
6 4 69 80
8 4 74 77
4 3 74 79
5 3 29 30
7 3 32 28
8 3 32 31
1 3 32 33
1 3 46 34
7 3 45 31
3 5 45 31
6 6 45 33
3 3 47 31
4 3 50 34
5 4 53 33
6 3 44 27
8 5 64 28
6 3 39 29
3 3 63 29
1 3 59 31
2 4 65 28
1 4 63 27
5 5 63 27
1 3 29 30
3 4 30 30
5 3 42 29
1 3 38 29
3 3 53 33
4 3 55 31
3 3 35 29
2 4 50 29
4 3 31 26
7 3 49 25
2 3 49 24
4 3 37 30
1 3 50 27
3 3 38 28
6 5 53 29
5 3 38 28
6 3 28 29
8 3 29 60
4 3 33 58
2 3 36 60
5 3 35 60
2 3 50 30
8 4 50 32
4 3 46 62
2 3 42 61
5 3 42 63
6 3 42 64
5 3 44 64
2 3 51 64
3 3 52 65
6 5 52 66
4 3 56 67
7 3 55 66
1 4 52 66
2 5 54 66
7 3 45 65
5 4 52 65
4 4 45 67
2 4 57 67
6 5 57 67
6 3 33 62
4 3 29 32
4 3 28 80
3 3 61 79
8 3 54 68
3 3 49 29
4 3 53 27
7 3 53 27
1 3 41 30
8 3 32 79
4 3 54 79
4 3 34 78
4 3 32 80
7 6 66 78
2 3 53 80
7 3 53 82
2 3 38 80
8 5 38 79
6 3 35 81
6 4 48 81
3 5 59 81
6 5 66 84
7 4 34 78
1 3 48 81
3 3 45 76
6 3 53 79
4 4 54 81
5 3 49 81
7 3 44 82
7 3 49 76
5 3 42 77
3 3 47 80
7 3 51 82
1 3 42 78
1 3 46 78
2 3 57 78
1 5 57 76
2 7 50 79
5 3 33 79
6 3 47 79
3 5 52 79
2 3 39 82
6 3 39 83
3 3 35 77
8 5 45 79
4 3 43 82
8 3 51 81
4 3 37 83
1 5 51 82
6 3 28 88
3 3 41 87
5 4 60 85
7 3 27 30
5 3 27 25
1 3 29 23
8 3 39 21
1 3 50 31
1 3 61 76
8 3 59 20
2 4 40 21
2 3 55 19
6 3 55 19
4 7 55 20
4 3 43 18
5 4 43 17
7 3 46 15
2 4 64 13
3 3 41 19
6 5 42 20
4 3 50 13
7 3 50 15
7 4 62 13
1 3 58 22
5 3 38 21
5 3 29 23
3 4 39 21
5 3 42 24
2 3 44 26
7 3 44 25
5 3 44 27
4 3 43 26
7 3 26 18
6 3 58 14
8 3 59 15
2 3 26 38
6 3 26 40
8 3 62 13
2 3 45 38
7 4 45 38
8 4 49 38
4 3 44 39
6 4 44 39
3 3 33 41
6 3 65 41
8 4 68 42
8 3 24 19
5 3 32 18
8 3 28 18
3 4 28 19
4 4 45 17
1 4 49 16
7 3 51 17
4 5 51 16
3 4 51 18
7 4 28 20
6 3 28 21
2 4 28 22
4 3 25 11
8 3 54 13
5 3 54 16
3 3 54 16
8 3 48 13
4 3 32 12
4 3 72 86
7 4 71 86
5 3 54 16
5 3 25 11
7 5 58 9
6 3 36 11
2 3 37 14
5 3 53 11
8 4 55 10
4 3 28 12
8 3 28 14
4 3 41 8
2 3 27 14
4 4 53 14
7 3 51 12
8 3 46 16
5 3 52 13
1 5 51 14
4 3 40 12
7 3 25 25
2 3 25 27
5 3 50 28
8 3 40 12
2 3 39 12
7 4 39 12
4 3 45 11
6 4 51 13
8 3 49 9
5 3 45 12
5 3 50 11
2 3 23 75
7 3 55 22
3 3 55 24
2 5 58 26
1 3 29 77
2 3 30 77
6 4 40 74
3 3 31 77
5 5 38 78
7 3 40 77
5 4 55 77
6 3 23 80
2 3 20 30
8 3 48 76
2 3 23 29
7 5 42 30
7 4 23 30
6 3 30 32
4 4 57 33
2 3 40 32
6 3 40 30
1 3 41 31
4 3 22 82
7 4 37 82
1 3 21 88
8 3 20 32
2 3 51 15
5 3 20 62
3 3 19 48
4 4 20 63
2 4 41 62
6 4 41 62
7 4 46 48
6 5 53 47
4 3 53 50
6 3 55 51
1 5 55 51
8 4 61 50
7 3 45 63
6 4 45 62
5 3 56 46
1 3 61 45
1 4 62 44
1 4 56 46
2 3 62 44
4 5 63 45
3 3 59 47
1 3 61 49
6 3 63 46
7 4 65 43
4 3 58 35
3 3 58 37
3 3 65 46
4 3 38 49
5 3 37 48
3 3 52 47
3 4 37 49
7 4 50 48
8 3 61 49
2 5 57 49
7 3 64 51
2 5 64 52
5 5 63 50
5 3 64 51
6 3 43 46
6 3 55 47
8 3 37 47
3 4 43 47
7 3 53 47
5 5 53 46
4 4 56 46
4 3 44 64
1 3 41 60
5 3 41 59
8 3 41 62
6 3 37 45
6 3 53 50
4 3 36 62
3 6 38 62
3 3 31 46
7 3 20 30
3 3 23 29
4 3 36 28
8 3 36 30
7 3 36 29
5 5 37 30
4 3 36 30
2 7 37 28
8 3 20 46
2 3 37 48
1 3 40 46
7 3 37 48
5 4 42 46
3 3 39 48
4 3 37 46
5 3 36 45
6 3 41 45
4 6 41 47
7 3 17 31
6 3 28 29
5 5 29 28
2 4 29 30
6 3 36 49
7 3 40 48
2 3 36 31
4 3 29 31
3 3 19 62
8 3 19 86
6 3 16 76
6 3 53 78
3 3 48 49
1 3 16 77
8 4 30 76
4 7 51 74
3 3 35 76
3 3 31 77
4 5 32 76
1 5 49 76
1 3 29 76
6 3 15 37
2 3 15 34
2 3 15 39
7 4 14 40
1 6 14 37
3 4 34 37
7 4 34 39
5 3 49 36
1 4 49 38
6 3 36 33
5 3 41 35
3 3 24 36
2 3 47 34
1 3 40 35
6 3 53 34
7 5 53 35
7 6 46 33
8 4 40 37
8 3 24 36
2 3 33 34
7 3 33 37
4 4 23 35
4 5 47 34
5 3 23 33
6 4 22 36
8 3 14 32
1 3 26 31
7 4 27 31
2 3 15 61
8 3 31 34
2 4 47 34
7 3 33 63
3 3 13 31
6 3 12 6
8 3 30 5
4 3 30 5
5 3 40 36
7 3 53 7
7 3 36 27
4 3 36 27
4 3 34 6
1 8 52 9
3 3 52 7
6 4 34 7
6 5 51 6
1 3 36 7
1 3 46 9
2 3 12 7
8 4 50 6
7 5 46 7
8 4 43 5
8 3 36 8
2 3 33 7
2 4 42 7
7 3 12 77
5 3 11 27
4 4 11 28
4 3 19 27
1 3 44 26
6 4 48 24
4 3 18 61
3 3 42 59
2 3 46 4
1 3 49 57
1 3 25 58
6 3 12 60
4 3 12 61
2 4 23 61
6 3 28 60
7 3 31 59
1 3 31 60
8 3 30 62
8 3 23 64
6 3 23 64
5 3 46 66
5 3 49 5
4 3 49 5
1 3 27 62
2 3 43 63
3 3 27 64
8 3 27 65
2 3 12 62
3 3 27 60
6 3 27 62
8 3 32 26
3 6 31 26
4 3 11 41
6 3 17 40
2 4 28 38
5 3 30 28
5 3 31 40
3 4 43 40
5 3 11 39
1 3 16 41
7 3 32 42
3 3 32 41
1 4 58 42
5 3 11 63
4 4 25 63
2 3 21 39
8 3 28 38
4 3 29 38
3 4 29 38
2 3 11 27
4 3 11 78
7 3 34 61
5 3 24 61
2 3 15 77
7 3 15 78
2 5 44 77
5 3 24 77
7 3 10 28
6 3 10 34
3 3 11 77
3 3 26 33
4 3 10 35
8 4 24 35
5 3 24 32
2 5 25 32
4 3 24 35
6 3 24 35
1 3 39 35
5 3 31 76
6 3 41 78
1 3 39 78
6 3 46 79
1 3 24 36
4 4 39 35
3 3 24 37
8 3 30 38
8 3 36 36
6 7 38 34
7 3 24 38
8 3 9 2
5 3 38 4
7 4 44 4
1 3 43 3
8 3 34 4
5 3 28 3
3 4 28 4
4 4 9 3
8 3 23 32
7 3 35 6
8 3 38 33
5 3 38 33
3 3 36 6
4 3 22 32
1 3 10 46
2 3 31 48
2 3 39 49
2 3 42 51
8 3 61 52
2 3 48 7
6 3 47 6
2 3 9 54
4 3 35 56
8 3 44 74
2 3 73 53
7 4 73 55
3 3 48 72
5 3 51 55
5 3 52 53
2 3 52 71
7 3 72 73
4 3 44 74
7 3 56 70
5 3 16 56
3 3 57 51
4 3 56 54
7 3 56 54
6 5 57 53
2 3 56 53
2 5 64 52
1 3 62 73
8 3 31 56
3 3 33 58
6 3 32 58
1 3 15 47
7 3 33 57
2 3 44 49
3 3 18 46
6 3 14 56
8 3 8 9
2 3 32 55
2 3 8 27
1 3 21 26
7 3 23 27
8 3 27 25
2 3 23 26
1 3 25 25
4 4 25 23
2 3 7 41
2 3 49 10
8 3 49 9
8 3 57 43
6 3 33 59
8 3 5 27
7 3 14 26
6 5 23 26
3 3 14 26
7 4 21 25
1 3 21 28
8 4 23 29
4 3 7 60
4 3 21 27
2 3 21 28
5 3 21 28
6 3 21 30
1 3 13 62
6 3 13 63
8 4 13 62
3 3 26 61
6 4 26 61
5 3 27 59
1 4 28 60
8 3 25 58
2 3 17 63
5 3 6 30
6 3 17 64
7 4 25 63
3 3 6 30
8 3 17 65
8 3 5 67
4 3 25 66
1 5 25 66
1 4 56 69
3 4 15 67
5 6 25 66
5 3 50 68
8 3 55 71
6 4 62 73
7 3 18 66
7 3 14 67
3 4 24 65
6 5 14 65
3 3 49 69
7 3 24 70
1 3 15 65
4 5 15 66
1 3 48 69
3 3 15 65
1 3 14 68
8 4 14 66
6 4 61 72
4 3 57 70
3 4 59 70
6 3 38 69
2 3 29 69
2 4 34 69
6 3 21 69
2 3 30 69
8 5 53 69
3 4 52 72
4 3 45 70
8 3 56 72
2 4 55 73
5 3 30 69
5 4 55 72
6 3 7 66
1 3 12 68
7 6 29 67
1 3 29 72
6 3 26 69
8 3 28 72
6 4 30 72
2 4 57 71
3 3 28 68
8 4 38 69
2 3 38 72
6 3 51 71
2 3 35 67
4 3 5 54
6 3 48 73
7 5 52 73
4 4 55 74
2 3 13 56
6 3 60 53
1 3 57 56
7 3 56 55
8 5 63 52
3 3 40 54
6 4 40 54
8 3 5 45
8 3 39 56
5 3 5 55
8 4 45 56
3 3 5 77
3 4 34 78
6 3 62 43
1 3 4 25
6 3 4 34
5 3 47 81
4 3 48 81
4 3 14 35
5 3 26 36
1 3 18 34
5 3 27 36
8 3 28 34
2 7 28 35
7 4 14 35
1 4 24 35
3 3 9 36
7 3 3 45
3 3 12 45
6 3 54 74
3 3 54 75
8 3 54 76
4 3 5 46
4 4 13 47
6 4 14 48
4 3 24 49
5 3 25 48
5 3 30 49
7 3 24 50
1 3 30 48
3 3 28 50
8 3 6 46
5 4 6 43
7 3 4 84
6 3 10 45
7 3 15 45
4 3 15 45
6 3 16 82
1 3 26 45
2 3 3 36
4 3 57 83
1 3 3 50
3 3 3 72
8 3 34 55
7 3 36 70
2 3 34 57
7 3 29 71
3 6 29 72
5 3 38 70
5 3 32 72
5 3 51 74
5 3 26 70
2 3 23 71
6 3 20 73
7 4 34 72
7 3 43 55
1 4 26 71
2 3 37 70
7 3 42 69
8 3 25 71
5 3 16 73
8 3 34 75
4 3 13 73
1 3 31 73
3 3 31 71
4 3 29 75
7 3 29 75
4 3 30 76
3 3 17 71
4 3 7 71
8 3 3 47
2 3 13 47
3 3 3 45
5 3 9 43
8 3 39 43
8 3 10 42
1 6 10 43
8 5 29 42
7 3 33 43
3 4 54 43
4 3 3 81
6 3 2 9
2 3 2 9
1 4 2 8
4 3 2 14
5 3 39 14
6 3 46 53
4 3 40 15
1 3 41 16
7 4 40 15
3 4 45 12
8 3 7 13
7 3 25 12
6 3 40 16
2 5 39 16
7 3 2 22
2 3 17 20
4 3 18 22
7 5 18 22
4 4 34 22
1 3 2 16
5 3 25 17
6 3 29 16
7 4 21 22
2 5 36 16
4 3 43 57
3 3 42 57
5 4 41 55
4 3 30 22
2 3 30 18
5 4 36 16
7 4 30 18
7 3 2 56
4 3 24 54
2 4 40 56
4 5 41 55
5 3 35 57
8 4 24 54
3 4 38 55
3 4 46 53
6 3 18 15
8 4 40 19
4 3 1 78
6 4 4 76
5 3 33 79
3 3 36 14
8 3 39 80
1 3 7 13
1 3 59 52
6 2 60 53
5 3 40 52
2 4 41 54
4 3 58 52
3 2 63 85
1 2 58 89
8 3 58 88
3 2 59 85
1 2 67 86
4 2 62 89
7 5 62 89
8 3 66 85
6 2 59 1
7 2 59 86
1 2 58 1
7 2 62 85
3 2 57 86
5 2 58 89
4 2 58 89
8 2 56 85
4 2 58 86
5 2 62 86
2 3 59 87
1 2 62 85
3 4 62 85
6 4 57 87
4 2 53 87
4 2 53 41
6 2 54 42
1 2 53 88
3 3 54 87
8 3 52 87
7 2 55 86
5 2 56 86
5 3 58 84
7 2 52 41
6 2 52 42
4 2 52 51
2 2 51 42
7 2 50 17
3 3 56 86
7 2 47 12
6 2 49 53
5 2 48 74
3 2 47 11
1 3 47 11
4 2 48 10
8 3 48 10
4 3 46 10
2 2 48 12
1 2 47 19
1 2 47 41
6 2 46 10
2 3 45 10
5 2 46 43
4 3 46 43
4 2 49 51
5 2 47 43
5 3 48 42
7 2 45 1
2 3 45 2
4 2 55 1
4 2 48 1
3 3 50 1
3 2 48 1
5 2 48 1
8 3 47 1
8 2 48 42
4 2 47 43
1 2 46 1
7 2 46 23
7 2 47 1
4 2 46 22
7 2 45 12
7 2 46 43
2 2 46 44
4 2 45 6
5 2 45 20
1 2 45 22
5 3 48 23
8 2 45 83
6 2 54 84
2 2 51 84
7 3 51 84
2 3 52 84
6 2 44 4
3 4 43 2
5 2 45 54
8 2 47 53
2 3 47 52
1 2 51 84
5 2 46 84
6 2 47 85
1 3 47 85
6 3 52 85
3 2 51 52
5 4 51 52
7 3 48 51
8 2 50 85
4 2 45 89
2 2 50 88
2 2 51 54
8 2 51 85
3 2 51 86
4 2 47 53
1 2 44 9
4 2 44 13
1 2 44 18
8 2 44 21
7 2 50 89
2 2 43 43
4 2 44 44
6 4 44 43
5 3 43 44
7 3 43 43
4 2 43 3
7 2 43 5
6 2 43 53
8 2 43 53
3 5 43 52
4 2 43 54
1 3 42 54
8 2 43 83
4 3 43 84
1 2 43 55
3 2 43 57
8 2 43 70
3 2 42 6
5 2 48 51
3 2 44 85
8 5 44 84
1 2 48 51
4 2 46 87
6 2 42 11
4 2 46 12
7 3 46 13
7 2 42 19
8 2 44 18
6 2 43 20
2 2 43 20
3 2 43 21
6 2 42 18
6 2 42 53
3 2 42 54
5 2 42 55
2 2 42 69
3 2 42 83
5 2 41 2
5 2 48 87
2 2 48 87
1 2 48 88
8 2 47 88
2 2 47 89
6 2 46 88
8 2 41 6
5 2 43 17
3 3 43 17
1 2 41 50
5 2 42 51
8 3 41 51
4 2 43 51
7 2 41 22
4 2 41 24
4 2 41 51
7 4 41 51
6 3 40 51
2 2 41 89
7 2 41 83
2 2 40 2
1 2 40 17
6 2 40 18
5 2 40 19
8 2 40 20
6 2 39 42
4 2 41 41
5 3 41 41
4 3 40 42
3 3 40 41
6 2 40 41
6 2 40 89
7 2 39 22
2 2 39 22
6 3 40 21
3 2 39 68
5 2 39 87
8 2 41 86
5 3 43 87
4 2 42 86
1 3 41 86
8 2 40 2
1 2 39 2
7 2 43 85
1 2 39 58
4 2 41 87
7 3 42 88
2 2 42 57
3 2 40 57
3 2 40 88
6 2 38 4
4 2 38 58
5 2 38 9
8 2 40 10
7 2 43 23
3 2 43 24
2 2 38 81
1 3 39 80
3 2 41 79
8 2 39 81
5 4 40 80
4 2 46 1
6 2 46 2
2 3 40 80
7 2 38 69
6 2 38 82
3 4 39 83
4 2 38 51
5 2 38 84
2 2 39 83
5 2 40 83
8 2 37 3
2 2 37 3
6 2 37 10
7 2 37 10
3 2 37 9
4 2 37 8
7 2 37 9
3 2 37 14
1 2 38 85
6 2 39 85
4 5 39 83
3 2 39 83
7 2 37 19
2 2 39 86
7 3 38 86
6 2 38 13
7 2 40 12
7 2 38 87
2 2 37 25
8 2 41 24
5 4 41 23
4 2 37 40
1 2 37 40
7 2 37 41
3 2 37 70
7 2 37 82
5 2 36 3
5 2 37 2
5 2 42 11
6 2 37 1
4 2 37 1
6 2 36 13
1 2 37 13
7 2 36 33
4 2 36 41
1 2 37 3
2 2 36 42
3 2 35 17
2 2 35 34
4 2 35 57
2 2 36 86
7 2 35 69
1 2 36 56
6 2 36 57
2 2 37 70
1 2 37 58
4 2 37 70
1 3 36 69
5 2 35 70
4 2 35 68
6 2 35 82
6 2 35 85
8 2 34 17
4 4 33 16
5 3 32 17
7 2 34 18
6 3 34 17
7 3 32 16
3 2 35 69
8 2 35 69
1 3 35 70
4 2 35 74
1 2 35 67
5 2 35 75
7 3 40 74
6 2 40 76
5 2 34 19
2 2 35 18
3 2 35 19
4 2 35 19
7 2 34 18
2 2 34 24
3 2 39 23
8 2 36 23
2 2 39 22
6 2 36 25
6 2 34 64
3 2 34 82
4 2 33 4
8 2 36 4
6 3 36 4
7 3 32 4
4 2 36 5
6 3 36 6
2 2 36 5
5 2 34 50
1 2 36 49
5 2 35 49
7 2 35 49
8 2 35 49
7 2 34 54
1 2 40 75
8 2 39 53
4 2 33 42
1 2 33 18
3 2 33 53
5 3 38 52
4 2 34 52
2 2 33 73
8 2 38 74
3 3 42 74
1 2 37 74
1 3 42 74
4 2 42 76
8 2 41 75
7 2 33 79
2 3 33 80
8 2 32 14
4 2 33 64
8 2 33 79
2 2 32 51
8 2 33 52
6 4 35 51
2 2 32 14
8 3 31 14
6 2 33 50
1 2 38 12
2 3 33 12
5 2 32 14
5 2 32 20
1 2 34 11
7 2 35 54
4 2 34 10
8 2 35 11
3 3 35 11
5 2 34 12
2 2 32 19
4 2 33 50
7 3 32 50
1 2 33 51
6 2 32 53
5 2 32 52
8 3 32 52
3 5 32 53
4 2 34 54
2 2 33 54
2 2 32 49
8 2 32 49
4 2 32 76
7 4 32 77
5 3 31 76
6 2 37 21
3 2 37 21
7 2 35 79
4 2 35 79
4 2 32 85
3 2 34 86
8 2 32 84
3 2 32 83
4 2 33 82
7 2 33 82
6 3 32 81
2 3 32 83
7 2 33 84
1 2 32 80
8 2 36 87
7 2 38 79
3 3 38 80
1 2 32 82
3 2 31 4
7 2 31 13
1 3 31 13
2 2 32 80
8 2 33 79
5 2 32 80
8 2 32 80
8 2 31 18
4 2 31 42
1 2 31 76
6 3 30 76
1 3 29 75
8 2 33 74
2 2 34 74
5 2 33 75
2 3 28 75
6 4 34 74
3 4 33 75
1 2 33 73
2 2 33 74
5 3 32 74
6 2 31 34
1 2 31 35
5 2 31 40
5 2 33 41
7 2 33 40
8 2 32 41
2 2 33 40
7 2 31 76
7 2 31 87
2 2 33 12
7 2 34 43
4 2 36 44
5 2 36 44
6 2 35 11
4 2 35 44
6 2 34 44
6 2 35 45
1 2 30 3
5 2 32 2
4 2 31 2
1 2 34 44
2 4 34 45
8 2 34 11
2 2 34 88
2 2 37 89
8 2 35 44
7 2 35 45
4 2 33 44
3 2 34 43
5 2 33 45
4 2 30 13
4 2 30 19
8 2 30 29
1 2 30 48
2 2 30 51
6 2 30 79
1 2 30 86
5 2 30 89
7 2 33 88
4 2 30 88
1 2 29 20
8 2 29 21
3 2 29 20
1 2 30 21
8 3 30 21
5 2 40 1
4 2 40 1
7 2 39 1
1 2 31 22
6 3 32 22
6 2 30 22
1 2 29 45
2 2 29 53
6 2 29 66
6 2 29 71
2 2 30 89
4 2 29 72
3 2 28 9
8 3 28 10
2 2 30 22
6 2 29 11
3 2 29 10
5 2 29 22
2 2 29 12
3 3 29 13
5 2 29 11
3 2 29 23
3 2 30 23
8 2 29 84
7 2 28 3
1 2 28 5
2 2 28 11
3 2 28 33
6 2 28 41
4 2 28 40
5 2 33 24
3 2 30 39
2 2 28 41
1 6 30 39
3 2 28 57
6 2 30 56
8 3 33 56
1 3 28 58
4 2 31 55
3 5 32 56
5 2 31 55
4 2 34 55
8 2 31 56
6 3 32 55
1 4 32 55
8 2 30 55
7 2 28 45
5 2 30 46
4 2 30 45
1 2 28 51
7 2 32 57
8 2 28 73
6 2 29 74
1 2 28 57
5 2 28 57
7 2 28 73
4 3 27 73
6 2 27 8
2 3 27 8
6 2 28 77
2 2 28 79
5 2 30 8
2 3 31 8
5 2 27 7
2 2 28 6
6 2 31 78
1 2 29 7
5 2 28 5
6 3 28 6
1 2 27 17
3 2 27 16
1 2 27 8
5 2 27 19
3 2 27 37
7 2 28 37
8 2 27 51
2 2 27 59
4 2 27 59
1 2 27 80
8 2 27 79
3 2 26 9
2 2 29 15
3 2 28 8
5 2 26 15
1 2 26 13
2 2 26 25
7 2 26 13
5 2 26 50
7 2 27 49
6 2 26 67
1 2 30 9
1 2 28 66
8 2 31 67
3 2 28 67
4 2 26 76
1 2 26 89
6 2 27 88
4 2 26 88
8 2 31 89
1 2 26 87
1 2 31 24
3 2 26 89
1 2 25 18
2 2 25 16
4 2 25 15
8 3 26 14
7 3 25 16
6 3 25 17
2 3 24 18
8 2 25 26
5 2 25 25
2 2 33 68
6 2 29 24
7 3 29 24
2 4 28 24
2 2 29 25
8 2 28 26
8 2 25 29
8 2 25 34
7 2 25 33
4 3 25 34
7 2 25 60
2 3 25 61
5 2 25 44
7 2 25 7
8 2 25 48
6 2 26 43
2 2 26 43
3 2 26 43
8 2 28 42
7 2 26 43
6 3 25 42
2 3 24 42
4 2 26 44
4 2 25 66
3 3 25 66
7 2 28 67
8 2 28 64
2 2 28 68
8 2 27 49
3 2 25 68
5 2 28 68
1 2 26 64
3 2 25 70
1 2 29 71
5 2 29 72
4 2 32 86
1 2 25 82
1 2 28 69
4 3 28 68
1 2 24 25
8 2 24 26
6 4 24 25
3 3 24 26
5 2 24 24
8 2 24 20
4 2 24 24
8 2 25 69
4 2 24 19
4 2 25 69
1 2 24 29
8 2 24 31
7 2 24 58
4 3 24 58
8 2 25 59
7 2 24 66
6 2 24 69
1 2 24 86
7 2 25 20
7 2 23 27
6 2 23 41
8 2 23 14
7 2 23 40
4 2 23 41
7 2 23 68
8 2 23 76
5 2 23 81
5 2 23 58
4 2 24 59
6 2 24 82
1 2 25 57
7 2 25 56
8 2 30 83
5 2 23 89
5 2 24 88
7 2 22 14
4 2 22 17
4 2 23 16
8 2 22 18
1 2 22 19
2 2 23 20
1 2 23 21
3 2 23 21
7 2 23 22
5 2 26 88
7 2 30 89
6 2 24 89
7 2 25 88
1 2 24 89
4 3 25 88
6 2 22 19
4 2 22 23
1 3 25 22
5 2 24 22
3 2 23 23
8 3 23 23
1 2 22 39
1 2 25 40
5 2 25 40
6 2 24 38
1 2 24 37
3 2 22 40
2 2 22 41
5 2 22 42
2 2 22 49
6 2 22 59
4 2 22 84
8 2 22 84
2 3 23 83
6 3 23 84
1 3 21 83
1 2 27 85
5 3 27 85
3 2 22 68
7 2 21 1
1 2 21 2
4 3 21 1
2 2 27 2
7 3 25 1
8 2 27 86
7 2 27 86
2 2 27 87
3 2 30 55
3 2 27 1
8 4 27 2
4 2 22 76
4 2 24 3
6 2 24 4
5 2 29 5
1 2 29 5
8 2 28 5
5 2 24 75
5 2 22 83
4 2 22 82
3 2 22 84
6 2 21 2
1 2 22 2
3 3 25 1
5 2 24 1
3 2 24 76
7 2 22 3
6 2 21 15
1 2 21 15
2 2 21 15
7 3 21 15
4 2 21 31
6 2 22 2
2 3 21 2
6 2 21 46
5 2 21 45
4 2 21 46
2 4 21 46
8 3 25 44
3 2 21 46
2 2 24 45
7 2 21 44
2 2 21 59
6 2 21 83
7 3 20 83
3 2 24 44
5 2 23 44
4 2 21 73
7 2 21 82
8 3 24 81
5 2 24 80
7 2 25 80
7 2 20 11
4 2 26 10
3 3 26 10
1 2 23 12
4 2 21 83
8 2 29 74
7 2 20 1
6 2 20 1
2 2 20 11
5 4 23 11
8 3 23 10
2 2 20 21
8 2 20 35
4 2 20 15
5 2 20 36
4 3 20 35
7 2 20 46
8 2 20 50
5 2 23 51
7 2 23 37
4 2 23 38
2 2 23 49
6 2 23 49
4 2 23 52
8 2 21 86
6 2 22 52
1 2 21 87
7 2 20 59
8 3 21 58
5 2 22 49
5 2 20 75
2 2 24 85
7 2 20 88
8 2 20 89
2 2 21 88
6 3 21 89
3 2 19 1
5 2 19 1
8 2 19 6
8 2 25 74
8 2 20 76
2 3 20 75
7 5 20 77
2 2 19 5
2 2 22 4
4 2 20 65
5 2 24 57
1 2 20 4
8 4 21 4
3 2 21 66
5 2 20 65
3 2 19 58
6 2 20 77
3 2 19 15
6 2 22 57
3 2 22 56
6 2 22 14
5 2 22 56
7 2 19 28
5 2 19 58
2 3 18 58
8 2 19 88
3 2 20 87
8 2 22 86
6 2 22 87
4 2 18 1
6 2 18 12
5 2 20 11
6 2 19 13
2 2 19 14
8 2 20 15
7 2 19 15
1 3 18 13
4 2 19 12
3 2 19 12
1 2 18 20
7 2 18 20
4 2 18 39
5 2 19 38
5 2 20 39
8 3 20 39
7 3 19 39
1 2 19 38
2 2 18 28
3 2 18 75
1 2 20 74
5 2 20 73
7 2 23 72
4 2 25 55
6 2 25 55
1 2 25 54
3 2 23 72
3 2 19 75
7 3 19 74
1 3 18 74
3 2 19 73
1 2 23 71
4 2 19 72
8 2 21 71
4 4 22 71
3 2 18 34
6 2 23 33
7 2 17 36
4 2 23 34
1 2 24 33
3 2 23 34
7 2 23 35
4 2 21 37
3 2 19 37
2 2 19 38
3 2 17 16
6 2 17 41
7 2 17 58
1 2 17 68
6 2 17 77
8 2 25 78
5 2 26 79
4 2 26 79
5 2 22 78
3 2 24 79
4 2 17 77
7 2 19 77
1 2 21 78
4 2 20 78
7 2 20 78
2 4 20 78
5 2 17 89
3 2 17 89
1 2 17 90
3 2 16 23
6 2 18 15
3 2 18 14
3 2 18 22
6 3 18 23
1 3 17 23
2 2 17 15
5 2 16 23
8 3 16 22
2 2 18 22
5 2 16 21
4 2 30 70
7 2 16 82
3 2 19 81
8 3 19 82
1 3 19 80
6 3 21 79
2 2 19 82
2 2 16 40
3 2 15 23
4 3 14 22
6 4 14 23
2 3 13 25
8 2 16 25
2 3 16 25
6 3 15 25
8 2 15 38
4 3 15 39
3 2 16 55
6 2 18 56
4 2 21 55
5 2 17 37
7 2 18 36
2 4 18 36
8 2 16 56
3 2 17 55
5 2 17 55
2 3 17 56
7 2 17 54
1 2 17 54
8 2 17 56
6 2 15 6
3 2 15 6
5 2 18 5
8 2 18 53
1 2 15 7
6 3 25 6
5 3 25 8
2 2 25 53
8 2 19 6
3 2 19 6
7 2 20 5
3 2 20 6
8 2 19 52
7 3 24 52
2 5 19 52
4 2 17 5
1 3 19 5
4 2 17 53
3 2 15 26
2 2 15 43
5 3 15 44
5 2 15 26
4 2 15 50
3 3 14 25
6 2 15 50
5 3 15 50
2 4 15 49
3 3 16 50
5 2 17 50
1 2 15 24
7 2 15 51
7 2 16 52
8 3 20 52
5 2 18 53
1 2 15 60
2 2 15 58
3 2 16 59
5 3 14 59
8 4 14 58
8 2 15 67
4 2 18 46
1 2 19 45
4 2 19 52
3 2 18 46
7 2 18 52
1 2 18 68
5 3 19 67
8 2 19 66
4 2 15 74
6 2 17 74
2 2 15 74
2 2 16 73
5 5 16 72
8 3 14 74
8 2 17 68
3 2 18 67
7 3 18 68
4 2 17 69
6 3 20 70
2 2 18 69
1 2 16 72
5 2 18 71
3 2 21 70
4 2 20 67
8 2 16 72
7 3 15 71
1 2 15 80
6 2 15 89
4 2 14 1
7 2 14 6
6 2 14 5
2 3 14 4
4 2 19 3
5 2 14 3
7 2 14 12
1 2 14 13
8 2 14 32
4 3 14 30
6 3 15 31
3 3 19 32
5 2 17 30
4 2 15 75
3 2 15 32
7 2 14 21
1 2 16 76
2 2 16 77
2 2 14 21
8 2 14 31
1 2 14 37
8 3 14 38
7 2 14 37
8 2 14 20
1 2 16 36
6 3 16 35
8 2 17 34
6 2 14 21
2 2 14 55
6 2 14 61
4 2 14 67
6 2 16 68
6 2 17 67
1 2 18 66
8 2 17 66
7 2 17 65
2 3 17 64
5 2 17 19
3 2 20 18
1 2 14 87
2 2 21 86
1 2 22 85
5 2 22 85
7 2 22 86
4 2 21 85
5 2 14 69
2 2 22 70
6 2 14 87
8 2 13 22
1 2 13 24
5 2 13 26
2 2 13 25
6 2 13 37
2 2 13 38
1 2 13 46
7 2 13 49
2 2 18 48
6 2 16 49
4 2 16 49
1 2 13 20
1 2 13 50
4 2 14 51
2 2 15 52
3 2 14 51
6 2 14 52
7 2 13 62
4 2 15 63
5 3 15 64
3 3 14 64
5 3 19 63
4 3 21 62
6 3 21 62
7 3 19 64
4 2 17 19
1 2 17 62
7 2 16 19
7 2 14 63
2 4 17 62
2 2 14 64
7 3 13 64
1 2 17 62
1 2 15 65
1 3 13 65
6 7 14 66
7 2 13 67
7 2 13 69
8 2 13 64
2 2 13 73
3 2 13 87
8 2 16 86
8 2 13 88
7 2 15 87
4 2 13 86
5 4 13 86
1 3 14 88
8 2 12 10
5 2 15 9
6 2 16 61
3 2 16 62
8 2 16 63
3 2 15 63
6 2 15 70
3 2 15 71
1 2 15 71
5 2 14 62
2 2 14 85
2 2 12 1
6 2 12 2
2 2 12 10
3 3 19 8
7 2 21 9
1 2 12 11
1 3 16 10
6 4 19 8
8 2 15 11
5 2 12 12
3 2 12 12
6 2 13 12
7 3 13 11
2 3 13 13
8 3 12 13
6 2 12 18
3 2 15 9
5 2 12 38
4 2 12 47
8 3 12 48
6 2 15 47
8 2 13 48
3 2 13 48
5 4 12 47
7 2 12 47
1 4 13 47
2 2 13 46
8 3 13 47
1 2 13 50
1 2 12 57
5 2 12 46
2 2 12 56
5 4 12 56
7 3 11 45
2 2 15 44
7 2 15 9
3 2 17 8
4 2 15 8
6 2 15 8
2 2 14 8
7 2 14 44
1 2 12 54
4 2 13 53
4 2 12 57
3 2 12 70
5 2 13 8
1 2 13 9
7 2 13 71
8 3 14 69
6 3 14 71
2 2 13 72
5 3 12 72
8 2 12 8
6 2 14 9
2 4 14 10
3 2 12 8
3 2 12 67
7 2 20 17
1 2 12 62
2 2 12 89
7 2 12 90
6 2 11 11
4 3 12 9
1 3 10 11
4 2 11 48
5 2 11 61
3 2 11 64
2 2 11 67
7 2 11 69
8 2 10 6
4 2 10 6
3 2 10 45
1 3 9 5
2 2 11 28
8 2 13 29
4 2 15 44
6 4 15 44
1 2 11 80
7 2 15 28
7 2 15 43
5 2 17 79
4 2 15 81
1 3 15 82
2 2 15 83
6 2 14 83
3 3 14 83
5 3 14 81
7 2 13 4
5 2 15 3
4 2 15 3
1 2 13 3
7 3 13 2
1 2 14 1
3 2 13 29
8 2 10 12
1 2 10 13
3 2 10 39
6 2 10 39
1 2 14 39
6 2 13 39
2 2 14 40
8 2 10 67
3 2 10 72
6 2 10 80
7 2 9 30
7 2 15 79
2 2 15 80
5 2 13 31
8 2 10 29
6 3 10 28
7 2 14 31
1 2 13 29
1 2 11 27
5 5 11 28
4 3 10 29
4 2 9 28
4 2 10 88
8 2 10 88
7 2 9 10
1 2 9 30
2 3 8 29
6 3 8 30
2 2 9 50
5 2 9 70
8 2 9 56
3 2 9 39
4 2 10 39
7 2 9 60
3 2 9 60
4 2 9 71
6 3 8 71
8 2 8 10
3 3 8 11
6 2 11 57
4 2 9 88
1 2 8 14
3 2 8 16
8 3 8 17
2 4 8 18
5 3 8 14
3 2 10 14
4 3 7 12
6 3 7 14
7 4 8 14
2 2 14 17
6 3 14 18
1 2 13 18
1 2 9 15
8 4 13 16
6 3 9 15
5 2 8 26
3 2 8 31
1 2 9 32
8 3 9 32
1 3 7 31
1 2 14 33
4 2 10 33
7 3 10 33
5 3 13 33
3 2 12 34
6 2 11 34
7 3 11 33
1 2 11 35
2 2 13 18
3 2 9 70
3 2 10 70
5 2 10 70
7 2 9 69
4 2 8 33
2 3 8 33
5 3 8 34
1 2 9 68
1 2 10 69
5 2 10 70
4 2 9 69
4 2 8 22
8 2 10 21
3 2 11 22
2 2 10 22
1 2 8 36
7 2 8 47
6 2 8 53
6 2 13 54
8 3 13 54
4 2 8 40
5 2 8 39
2 2 8 45
6 2 9 44
3 2 13 43
7 2 8 50
6 2 8 49
4 2 8 52
3 2 9 52
8 2 9 53
6 2 9 52
6 2 8 74
4 2 10 75
7 2 14 76
8 2 12 76
5 2 13 76
4 2 13 77
5 2 10 75
7 2 10 75
1 2 9 75
1 2 8 56
4 2 10 57
1 2 7 6
5 2 9 5
4 3 9 6
5 2 9 8
7 2 7 24
6 2 7 27
8 2 8 26
4 2 7 30
8 2 7 35
7 3 7 36
5 2 7 36
5 2 8 35
2 2 8 35
5 2 7 41
5 2 15 42
3 3 15 41
5 2 13 43
6 2 15 41
2 2 8 40
1 6 13 43
3 2 11 76
8 2 8 40
2 2 7 67
4 2 7 66
4 2 10 65
3 2 7 68
6 2 7 88
3 2 10 89
7 2 6 5
6 2 6 17
7 2 6 18
6 2 6 20
1 2 6 20
4 3 6 19
1 2 6 27
8 2 11 26
3 2 10 26
5 2 10 25
7 2 10 24
6 2 9 26
6 2 6 31
2 2 6 32
7 2 6 39
1 3 6 39
3 2 6 56
5 2 9 55
8 2 6 57
5 2 6 60
1 2 11 59
3 2 11 61
5 2 10 59
8 2 6 61
6 3 6 62
3 3 6 62
7 2 7 64
4 3 7 64
1 2 7 65
6 2 9 65
2 2 9 66
7 2 6 65
3 2 6 65
4 2 6 79
8 2 12 80
3 2 11 78
8 2 10 78
6 2 10 77
8 2 8 80
6 2 5 1
2 3 5 2
5 3 4 2
2 2 7 1
8 2 7 2
3 2 5 1
7 2 5 2
1 2 5 3
8 2 5 13
2 2 5 14
5 2 7 15
7 2 5 16
1 2 5 43
7 3 7 41
4 3 6 42
7 2 10 43
4 3 10 43
3 2 6 41
7 2 7 42
8 7 7 42
6 2 5 83
4 2 6 84
7 3 8 83
8 3 11 82
4 3 11 84
6 2 9 82
3 2 6 44
6 2 6 83
3 5 8 83
2 3 9 82
7 3 6 82
5 2 7 47
1 2 6 47
6 2 6 47
3 2 6 48
5 2 6 85
7 2 9 86
8 2 5 47
6 2 10 80
4 2 9 86
3 2 9 85
6 2 9 85
1 2 10 80
7 2 6 48
4 4 7 47
3 2 7 48
1 2 7 50
8 2 7 51
3 2 7 52
6 2 7 47
2 2 5 46
7 2 6 45
3 2 5 50
8 3 5 50
8 2 5 64
1 2 5 82
7 2 5 85
8 2 4 1
6 2 4 3
1 2 4 10
7 2 4 47
3 2 4 67
7 2 4 19
4 2 8 20
1 2 9 52
8 2 4 30
6 2 4 72
1 3 4 72
4 3 3 73
1 2 4 78
8 3 4 78
3 2 9 19
1 2 9 19
7 2 4 77
7 2 9 77
1 2 4 84
1 2 4 86
4 2 3 7
8 3 3 8
1 2 3 1
4 2 3 3
2 2 3 2
5 3 3 3
6 2 4 4
7 2 7 76
2 2 7 77
4 2 3 18
2 2 3 8
6 3 3 7
5 2 4 6
3 2 3 19
5 3 3 19
8 3 3 20
3 2 6 21
3 2 4 21
5 3 5 21
4 2 3 31
5 2 3 16
7 2 5 22
6 2 4 22
7 2 3 22
1 2 3 29
7 2 3 38
2 2 3 48
7 2 3 51
2 2 4 51
5 4 4 51
2 2 6 15
7 2 6 16
4 2 5 15
2 2 3 42
6 3 3 42
3 2 10 81
8 2 3 52
3 2 9 52
2 2 9 53
3 2 3 53
3 2 5 54
1 2 6 53
5 6 7 53
2 2 3 55
7 3 4 54
4 2 3 44
6 2 4 56
2 2 3 66
6 2 3 82
3 2 4 53
1 2 3 63
7 2 3 63
6 2 4 53
6 2 2 5
1 2 3 88
1 4 2 4
8 3 3 89
7 3 5 88
3 2 4 5
5 2 3 74
4 2 4 45
3 2 4 45
3 2 5 73
6 2 5 72
4 2 5 74
5 2 4 73
8 2 4 74
2 2 4 74
1 2 3 75
7 2 3 88
5 2 3 89
3 2 2 4
5 2 2 27
1 3 2 27
2 3 4 25
1 4 6 24
4 3 1 27
7 2 6 62
7 2 2 9
4 2 2 17
7 2 2 31
3 2 3 32
1 2 4 33
1 2 6 34
8 2 6 44
6 2 2 32
1 2 2 48
7 2 2 47
1 2 2 56
2 2 2 79
7 2 2 83
2 2 2 83
3 3 1 81
4 2 2 82
5 3 2 83
2 3 2 83
8 2 1 2
2 2 1 19
3 2 1 22
7 2 6 34
2 4 5 32
5 2 4 33
2 2 1 23
2 3 4 22
6 2 3 24
8 2 4 22
7 4 3 22
5 2 2 38
4 2 1 21
1 2 1 30
1 2 1 34
1 2 2 22
1 2 1 60
6 2 3 23
4 2 3 24
4 2 4 33
4 2 1 64
7 3 1 65
7 4 2 63
6 2 4 66
4 2 4 23
4 2 4 67
5 2 2 64
7 2 1 78
6 2 1 77
6 2 1 64
5 2 1 74
8 2 5 73
1 2 5 59
4 2 5 58
1 2 1 83
