9960
2747
5 7 38 56
6 6 90 20
6 5 42 48
7 5 24 79
6 5 18 59
2 5 9 81
8 6 9 84
3 5 5 47
4 5 17 28
1 5 65 2
2 5 45 37
3 5 24 80
7 5 4 25
1 5 69 12
5 4 68 17
8 4 70 43
7 4 74 72
5 4 84 8
7 4 60 43
7 4 61 37
6 5 72 34
4 5 72 37
7 4 56 69
3 4 55 20
5 6 55 21
8 4 62 14
2 5 62 14
4 4 53 10
1 4 52 82
7 4 52 83
6 4 50 2
7 4 44 21
1 4 53 22
2 4 48 22
7 5 48 22
3 4 43 70
3 4 65 2
7 4 50 6
5 4 36 64
3 4 36 67
2 4 35 21
5 4 52 19
7 4 35 60
3 5 36 61
1 4 79 42
8 4 78 48
5 4 18 19
3 4 15 53
5 4 15 53
4 4 13 15
3 4 18 19
3 4 8 84
2 4 7 87
1 4 5 65
6 4 8 37
8 4 4 71
2 4 3 45
5 5 4 48
6 4 19 60
6 4 2 14
2 4 1 1
3 4 1 68
6 4 63 3
8 4 46 64
1 4 46 64
5 4 19 45
3 4 20 87
1 3 80 30
6 3 80 32
4 3 77 46
2 3 76 6
3 3 75 37
3 3 78 51
4 3 75 42
8 3 75 42
7 3 76 42
1 3 75 87
3 3 87 29
7 3 75 67
5 4 80 30
6 3 69 39
5 3 79 9
8 3 67 68
3 3 67 68
4 3 68 6
8 3 65 7
4 5 65 8
5 3 81 7
5 3 67 6
2 7 81 6
1 4 78 8
1 3 69 40
1 4 83 39
1 3 73 43
8 3 72 59
8 3 78 39
3 3 72 60
6 3 68 40
3 3 82 60
7 3 65 44
6 3 64 75
5 3 83 76
2 5 83 74
2 3 74 76
8 3 67 4
2 3 67 4
7 3 64 2
7 3 60 14
6 4 63 14
3 5 64 16
8 4 64 18
5 3 64 5
7 3 64 16
4 5 64 17
8 3 63 6
6 3 60 33
5 3 57 9
7 3 57 67
2 3 53 36
4 4 71 68
5 3 55 30
5 3 58 32
8 3 64 29
7 3 56 45
5 3 54 59
3 4 54 61
1 3 64 29
1 3 69 61
7 3 73 26
8 3 68 38
4 5 68 39
8 3 68 62
7 3 68 12
2 3 68 13
2 3 68 64
8 3 52 2
7 3 68 3
8 4 73 3
8 3 67 64
1 3 66 27
4 3 58 4
1 5 67 5
8 3 52 34
4 3 53 70
5 3 50 59
3 4 58 57
7 3 86 55
4 4 86 55
2 3 61 36
6 4 61 37
1 3 69 55
6 3 66 35
7 4 72 34
8 3 74 75
6 3 75 6
5 3 63 28
4 3 59 57
2 3 52 58
7 3 52 61
6 4 52 60
1 3 54 60
4 3 53 45
8 3 53 47
3 4 53 47
7 4 52 47
2 3 63 48
2 3 57 48
1 3 65 49
7 3 67 48
2 3 55 43
3 3 67 36
1 3 63 44
7 3 54 61
7 3 51 57
3 3 50 58
4 3 50 59
4 4 61 56
8 3 52 56
2 4 72 54
1 4 52 57
1 4 50 60
6 4 80 53
6 5 70 57
3 3 74 62
4 3 68 62
8 4 73 63
5 3 64 42
2 3 64 44
8 3 64 45
4 4 63 45
5 3 68 63
6 3 63 61
1 3 66 63
1 3 67 64
3 3 59 57
2 3 63 55
6 3 53 58
4 3 69 36
8 3 60 58
4 4 60 58
1 3 62 59
5 4 62 60
3 3 60 57
6 3 72 62
7 3 48 10
2 3 46 30
6 5 46 31
8 3 50 87
1 4 48 10
3 3 77 88
2 4 50 88
4 3 60 87
5 6 74 88
6 3 70 43
4 3 70 45
8 3 62 88
2 3 58 12
8 3 60 87
3 3 54 9
4 3 64 88
6 3 58 57
2 3 47 6
2 3 45 15
4 3 46 16
3 4 56 12
4 4 53 16
7 5 53 14
1 4 62 11
7 3 74 17
1 5 74 18
7 3 62 13
4 3 58 18
1 3 55 17
8 5 54 18
5 3 46 18
2 4 51 19
2 4 54 17
8 3 60 15
2 3 49 11
3 4 67 12
3 3 62 17
4 4 78 10
8 3 67 14
3 3 51 34
8 3 67 36
7 3 53 32
1 3 77 28
4 3 53 32
8 3 72 28
4 3 77 29
2 3 52 32
2 3 65 34
8 3 78 29
5 3 77 30
6 3 49 10
7 5 67 10
2 3 44 1
6 3 44 38
7 3 45 41
8 3 42 10
3 3 42 52
5 3 42 72
5 3 56 70
4 3 50 13
7 3 45 15
5 3 54 16
3 3 56 71
8 4 55 72
5 3 63 38
7 5 65 37
5 3 67 73
3 4 67 75
7 4 79 76
6 3 61 14
6 3 61 17
2 3 60 72
2 3 64 70
8 4 64 71
3 5 64 72
4 3 40 2
6 4 40 3
4 4 68 2
1 3 52 2
8 4 57 3
2 3 53 3
1 3 58 34
8 4 72 32
4 3 69 34
8 3 69 36
1 3 61 74
2 3 41 42
1 3 40 38
3 3 41 39
6 3 40 38
4 3 49 39
8 3 53 39
7 3 40 39
7 3 48 15
5 3 40 40
4 3 39 38
1 3 35 41
8 3 39 25
2 4 39 25
8 3 62 2
3 5 62 2
4 3 40 39
4 4 56 37
8 3 66 43
3 3 70 41
8 3 45 40
1 3 37 45
1 3 48 47
5 3 48 47
1 3 54 46
5 3 35 41
4 3 44 41
2 3 63 40
4 3 58 35
1 3 65 33
5 3 34 22
5 4 58 23
1 3 66 42
7 3 65 43
6 3 65 44
4 3 65 45
3 3 50 20
6 3 53 20
1 3 35 60
7 3 56 24
1 3 57 23
3 3 71 23
8 6 71 23
3 5 56 25
1 3 35 88
5 3 48 59
3 3 49 61
4 3 35 66
2 3 61 64
3 3 71 65
5 5 71 65
7 3 57 58
8 3 56 58
3 3 49 87
5 3 61 64
2 4 60 63
2 3 45 63
6 3 49 61
7 4 58 63
7 3 55 63
5 3 58 64
8 6 65 62
2 4 49 61
4 3 73 86
4 3 57 61
7 3 58 61
4 3 49 63
8 3 49 62
6 3 45 65
6 3 35 89
1 3 31 6
4 3 59 4
4 3 47 8
7 3 72 86
6 3 62 60
8 3 53 10
5 3 30 9
8 5 31 8
5 3 33 82
7 3 46 83
2 3 33 83
5 3 41 4
7 3 52 4
5 4 52 3
6 4 55 4
4 3 41 4
7 3 40 3
1 4 46 3
1 4 53 6
1 3 68 7
7 4 69 8
5 4 68 8
6 3 67 80
4 3 72 27
3 3 55 6
7 3 53 7
5 3 63 8
1 3 54 7
3 3 45 82
8 4 71 82
6 3 45 81
8 3 30 60
7 3 31 25
4 3 53 27
6 3 61 23
3 4 65 24
5 3 73 23
6 3 53 28
7 5 64 24
1 3 45 27
1 3 73 84
2 3 65 82
7 3 64 82
3 3 63 81
5 5 76 78
4 3 75 79
1 3 64 26
5 3 56 26
1 3 64 27
6 3 64 22
4 3 64 23
1 3 56 28
6 3 55 28
6 3 62 24
2 3 62 24
6 3 45 28
7 4 58 27
8 3 58 27
8 3 59 26
5 3 45 28
5 3 60 27
2 3 61 29
6 4 75 30
2 3 59 26
2 3 33 62
4 3 55 62
8 3 33 62
5 3 42 63
7 3 52 61
4 3 41 62
3 3 43 62
6 3 46 61
7 3 46 60
6 3 56 59
3 3 46 62
6 3 42 61
7 3 40 63
2 3 50 63
3 3 40 64
4 3 31 26
2 3 62 26
7 3 49 25
3 3 57 26
6 4 57 25
4 3 56 27
7 3 57 27
6 3 63 80
2 3 29 62
4 3 45 61
5 3 39 63
8 3 59 25
2 3 49 24
3 3 56 26
4 3 28 80
1 5 67 79
8 3 32 79
8 4 74 78
4 3 34 78
5 4 44 77
7 4 34 77
6 3 64 80
5 3 34 80
4 7 63 79
7 5 63 78
4 3 32 80
1 4 42 78
6 4 65 81
6 4 35 80
8 4 36 79
4 3 37 83
5 3 30 75
1 3 68 78
4 3 61 75
7 5 78 73
5 4 57 74
1 3 38 73
3 3 35 77
1 3 41 64
8 4 41 65
3 3 48 71
7 3 66 69
3 3 66 71
2 4 66 69
5 3 41 63
3 3 42 63
8 3 41 62
1 3 39 61
5 3 29 30
2 3 52 28
5 3 53 28
3 3 55 83
5 3 55 27
8 3 55 83
2 3 53 28
2 3 41 32
1 3 56 67
7 3 55 65
3 3 45 31
6 3 40 29
7 3 32 28
3 3 32 30
1 3 39 29
3 3 37 30
8 5 66 70
8 3 58 78
5 3 37 27
1 3 29 30
3 5 48 28
4 5 38 31
4 3 29 32
1 5 45 31
6 3 28 29
7 4 61 31
8 3 51 30
2 6 51 30
7 4 35 28
3 5 36 26
7 3 42 31
3 3 57 32
5 3 55 34
2 3 35 28
5 3 34 27
8 3 41 29
1 3 44 27
8 3 35 26
6 4 53 24
1 3 49 26
4 3 35 27
7 4 34 26
3 3 34 26
6 3 28 88
5 3 27 25
1 3 29 23
2 3 47 25
3 3 41 87
1 3 56 31
5 5 56 33
4 3 55 31
3 3 55 33
8 3 39 21
2 4 40 21
5 3 38 20
5 3 29 23
3 5 39 20
4 4 44 18
2 4 61 21
1 3 33 32
5 3 59 85
4 3 42 20
6 3 42 20
7 3 52 18
1 6 52 19
5 5 50 16
7 3 27 30
6 4 39 31
4 3 49 34
3 3 39 32
6 3 51 21
1 3 49 31
6 4 49 31
2 3 26 38
6 3 26 40
6 3 42 30
7 3 46 39
2 3 49 30
8 3 36 38
3 4 36 37
2 3 48 38
5 3 58 20
5 3 51 40
3 5 57 37
1 3 63 69
3 3 33 41
2 4 55 42
2 3 60 79
7 3 36 36
1 3 58 45
5 5 58 45
2 3 55 34
6 3 54 43
1 3 55 37
5 3 62 46
1 4 62 46
5 3 56 36
1 3 48 36
3 3 54 42
5 3 48 35
4 3 25 11
8 3 48 13
5 3 55 38
3 3 44 43
5 3 25 11
4 3 32 12
6 3 36 11
4 4 41 9
8 4 41 11
2 3 51 10
5 4 51 11
2 3 37 14
8 3 24 62
2 3 23 75
1 3 29 77
6 3 58 75
2 3 30 77
3 5 56 77
8 6 55 77
4 4 48 75
5 4 39 76
2 4 53 78
8 3 56 9
2 6 56 10
2 3 40 12
3 3 38 76
7 3 40 12
4 3 56 10
3 3 31 77
4 3 22 82
1 3 31 78
2 5 39 79
2 3 34 80
7 4 37 82
8 5 56 83
3 4 55 80
1 4 50 76
5 3 47 13
4 3 28 12
1 4 54 13
4 4 58 13
5 3 25 80
8 3 28 14
3 3 47 14
2 3 27 14
7 3 25 25
2 3 35 27
5 3 35 26
2 3 25 27
1 3 33 25
6 3 23 80
1 3 21 60
5 3 36 15
3 3 37 59
3 3 48 12
7 3 49 76
4 3 49 17
5 3 51 58
7 3 47 58
5 3 53 82
4 4 54 84
6 3 36 58
6 3 31 62
5 3 20 62
7 5 37 60
4 4 20 63
3 3 19 48
7 4 46 48
6 5 53 47
3 3 36 48
5 5 36 48
6 5 58 50
4 4 34 62
8 3 37 47
6 4 41 45
2 4 38 47
3 4 43 48
7 3 52 18
6 3 55 51
7 3 38 48
1 7 55 49
6 3 43 51
3 4 48 46
5 3 51 11
4 3 54 77
2 3 42 51
4 5 42 49
8 3 41 49
3 3 43 51
5 4 51 50
7 5 43 48
2 3 54 49
6 3 37 45
1 3 22 62
1 3 21 88
2 3 20 30
3 3 31 46
7 5 48 48
4 3 35 47
1 4 35 48
3 5 39 48
2 3 41 50
8 3 49 50
2 3 39 28
4 3 38 46
5 3 38 48
3 3 28 29
7 3 22 28
8 3 54 57
3 3 49 52
8 3 20 32
6 5 29 29
3 3 19 62
8 3 20 46
8 3 19 86
6 3 30 61
2 3 29 61
7 3 20 30
8 4 27 30
6 3 36 84
3 3 56 86
8 3 31 32
8 3 55 10
5 3 28 32
6 4 30 31
2 3 22 29
7 3 17 31
2 3 27 32
4 3 24 31
8 3 23 31
5 3 25 31
8 3 53 34
3 3 27 32
4 3 25 32
1 5 29 31
7 4 25 32
6 3 15 37
2 3 15 39
7 4 14 40
1 6 14 37
7 3 43 36
6 3 16 76
5 3 42 52
4 3 33 75
2 3 15 34
2 3 47 34
6 3 27 35
1 3 47 34
7 5 46 34
7 6 49 35
8 4 44 35
4 4 44 35
3 3 24 32
6 5 46 37
3 3 27 37
7 3 26 37
3 4 25 38
1 5 40 36
8 3 24 36
4 4 23 35
5 5 23 33
6 3 51 39
1 3 16 77
3 3 31 77
3 3 55 79
4 3 32 77
8 3 31 77
5 3 34 36
1 3 35 76
6 3 44 74
7 3 57 74
4 4 50 75
3 5 55 74
6 3 43 79
7 3 35 78
6 3 35 76
1 3 23 35
2 3 15 61
6 3 21 36
2 4 29 34
8 3 29 37
7 3 32 77
1 4 43 75
8 3 29 34
4 4 36 35
4 3 18 61
8 3 14 32
3 3 13 31
1 3 22 33
3 3 24 63
5 3 11 27
7 4 12 28
4 3 20 28
4 5 12 28
4 5 27 27
7 4 27 29
4 3 16 30
5 3 21 28
6 3 12 6
6 3 35 39
3 3 40 6
8 3 33 33
2 3 12 7
6 3 12 60
4 3 12 61
2 3 12 62
2 3 22 63
8 3 21 64
7 3 43 40
7 3 12 77
2 3 11 27
4 3 11 41
6 3 17 40
5 3 11 39
2 4 27 39
1 3 59 66
8 3 39 79
4 3 39 79
5 3 42 78
5 3 57 5
4 3 28 41
6 3 27 42
7 3 27 41
6 4 56 42
4 6 44 42
4 4 54 43
1 3 16 41
2 3 21 39
5 3 11 63
4 3 11 78
2 3 15 77
8 3 38 75
1 4 62 73
2 4 73 72
1 3 38 75
3 3 11 77
6 3 10 34
2 3 22 32
6 3 26 39
4 3 10 35
8 3 9 2
4 4 9 3
1 3 10 46
2 3 31 48
6 3 35 36
1 3 15 47
3 3 30 48
7 3 37 49
5 3 43 49
8 4 50 49
4 6 43 50
3 3 18 46
6 4 53 45
8 3 8 9
7 3 14 78
8 4 24 76
3 3 32 79
1 3 30 78
5 3 23 77
7 3 22 77
2 3 32 76
5 6 32 76
2 3 22 80
6 3 21 79
6 3 33 7
6 4 34 5
2 3 45 2
3 3 22 80
3 5 45 79
5 3 45 80
6 3 26 81
7 5 44 80
1 3 42 80
2 3 29 80
8 5 42 81
2 4 39 80
2 3 9 54
6 3 29 79
6 4 38 78
2 3 32 80
3 3 48 55
4 3 44 84
3 3 53 10
8 3 31 81
4 4 33 81
6 3 14 56
5 3 15 56
2 3 8 27
1 3 21 26
5 3 9 26
2 3 7 41
5 3 53 43
1 3 53 44
3 3 54 44
7 3 54 45
4 3 34 81
7 3 33 81
4 3 7 60
4 3 34 58
3 3 46 58
5 3 6 30
6 3 16 31
3 3 16 31
3 3 6 30
8 3 5 27
1 3 10 25
4 3 25 23
4 3 39 22
1 3 53 21
1 3 42 49
7 3 18 23
7 3 12 26
3 3 12 26
8 3 5 45
8 3 5 67
1 3 43 58
6 3 38 21
6 3 42 57
1 3 26 68
1 3 61 20
7 3 61 19
5 3 45 68
6 3 7 66
3 3 5 77
4 3 5 54
7 3 71 54
2 5 71 53
7 3 4 84
2 3 48 83
8 4 66 85
5 3 5 55
7 3 48 84
1 3 48 84
8 3 41 70
2 3 55 69
2 3 56 68
5 3 56 66
6 3 56 69
6 4 61 70
2 3 52 65
6 3 52 66
5 3 26 78
6 3 16 82
1 3 4 25
2 3 13 24
7 3 8 24
6 3 4 34
7 3 15 35
2 3 3 36
3 3 8 36
5 5 26 35
1 3 25 36
7 3 3 45
4 3 5 46
4 4 14 47
6 4 14 48
6 3 41 49
7 3 43 49
3 3 43 50
8 3 41 49
5 3 50 50
4 4 62 52
1 3 61 56
7 3 60 55
8 5 60 56
7 3 20 44
2 3 35 47
1 3 33 48
7 3 56 55
2 3 50 52
5 3 50 54
5 3 24 46
4 5 24 47
8 3 3 47
1 3 20 46
5 3 31 44
8 3 6 46
5 4 6 43
3 3 3 45
3 4 7 45
4 5 42 41
1 3 10 43
7 3 24 50
6 3 30 42
7 4 39 43
4 3 35 51
2 3 30 42
7 4 29 43
4 3 25 46
7 3 28 47
2 3 11 47
7 3 40 41
4 3 3 81
4 3 2 14
8 4 49 13
8 3 10 42
3 3 26 42
5 3 36 42
8 3 41 41
4 4 41 43
4 3 39 51
6 3 43 52
6 3 41 52
3 3 50 53
5 3 43 40
7 3 57 12
5 3 39 51
3 5 41 52
1 3 38 50
8 3 25 41
3 3 27 42
8 3 41 44
8 3 27 42
5 3 9 13
2 3 29 15
8 3 33 13
6 4 41 13
7 3 25 12
6 3 47 53
7 3 2 22
2 4 46 53
1 3 3 50
4 3 17 23
2 3 36 49
7 3 33 24
6 3 51 21
8 3 7 13
1 3 7 13
1 3 37 20
7 5 37 18
2 3 46 15
2 3 37 17
2 3 33 12
4 6 42 11
7 3 21 14
5 3 26 15
3 3 3 72
1 3 27 71
2 3 38 73
6 4 38 73
3 3 44 14
8 5 45 17
3 3 26 17
3 3 29 15
6 4 29 16
4 4 29 15
1 3 39 16
5 3 33 17
7 3 38 12
5 3 39 16
1 3 28 18
8 3 27 16
2 3 40 14
5 3 42 12
2 3 23 71
7 3 26 17
8 3 28 72
8 4 51 73
6 3 20 73
4 3 24 69
6 4 47 73
2 5 47 71
2 3 17 20
1 3 34 22
7 3 34 74
7 3 34 15
4 4 35 17
5 3 16 73
4 3 13 73
5 4 45 73
6 3 2 9
1 3 33 16
8 3 37 15
4 3 7 71
3 3 45 71
2 3 2 9
1 4 2 8
3 3 16 71
1 3 42 9
7 3 47 22
3 3 47 23
1 3 2 16
3 3 25 73
8 3 21 69
3 3 32 15
7 3 24 71
7 3 2 56
1 3 22 58
7 3 32 59
4 3 1 78
6 4 4 76
8 3 24 79
3 3 26 79
7 3 26 80
5 3 40 14
3 3 50 8
1 3 42 71
5 3 38 8
5 3 49 8
4 3 63 88
7 3 53 52
5 3 55 52
1 2 65 69
8 3 65 69
2 3 64 69
4 2 65 87
8 2 59 54
6 2 60 53
1 2 59 67
3 2 59 69
6 2 60 1
7 2 58 86
6 2 61 87
3 3 58 85
8 2 64 88
2 4 64 88
2 2 61 87
4 3 63 85
6 6 63 87
3 2 63 85
1 2 58 89
7 2 59 86
7 6 63 85
3 2 59 85
3 3 61 86
8 3 58 88
4 2 60 89
4 2 59 86
5 4 59 86
3 2 56 2
7 2 56 1
4 2 56 1
4 2 57 1
5 5 57 2
7 3 58 1
5 2 62 54
2 2 62 54
2 2 58 1
4 2 58 2
5 2 57 55
2 2 57 57
1 2 57 2
1 2 59 56
5 2 58 89
5 2 57 3
3 2 57 56
6 2 57 67
7 2 60 66
6 3 65 66
4 2 57 67
7 2 56 67
2 2 56 67
2 2 59 66
3 2 59 65
6 2 59 65
7 2 59 66
7 2 58 68
4 2 58 68
2 2 56 19
8 2 56 66
1 3 56 67
5 2 57 68
2 2 56 66
6 2 54 20
7 2 55 19
1 2 54 20
3 2 54 53
4 2 55 65
5 2 55 66
1 3 54 65
6 2 55 87
8 2 55 1
4 2 55 89
8 2 53 6
5 2 56 5
1 2 53 8
2 2 53 20
1 2 56 21
6 2 55 21
8 2 55 21
3 2 54 21
6 2 53 57
1 2 57 86
8 2 57 85
2 2 57 87
3 2 57 86
7 3 57 85
6 2 57 87
2 2 53 58
4 2 53 68
5 2 57 56
4 2 57 56
1 2 53 69
8 3 52 69
3 3 51 69
7 3 53 69
4 3 52 70
5 3 51 70
6 2 52 6
7 2 52 7
3 2 52 19
7 2 52 19
1 2 52 22
7 2 51 4
4 2 53 87
1 2 53 88
8 3 52 87
2 2 51 5
8 2 51 56
5 2 59 1
2 2 50 56
2 2 50 70
8 2 57 1
7 2 49 73
4 2 49 84
2 2 51 85
7 2 53 83
2 2 48 11
4 2 51 6
4 2 52 5
3 2 48 71
6 2 48 84
8 2 51 69
4 2 51 70
2 2 48 84
6 2 47 4
1 2 47 1
4 2 48 5
1 2 54 2
1 2 50 6
2 3 50 7
2 2 56 1
4 2 49 2
4 2 56 1
6 2 56 2
5 2 49 3
1 2 49 3
6 2 47 7
6 2 48 8
3 3 49 6
1 3 48 9
3 2 50 1
3 2 47 18
2 2 50 19
6 2 47 19
3 2 47 21
8 3 46 20
4 2 47 21
5 2 47 57
5 2 49 56
4 2 47 86
5 2 49 87
2 2 49 88
5 2 50 56
8 2 49 9
1 2 49 88
7 2 57 89
7 2 54 89
5 2 47 66
5 2 47 83
7 2 46 8
8 2 47 7
7 2 47 6
6 2 47 6
1 2 46 19
8 2 47 18
5 2 45 5
4 2 45 89
7 2 44 3
3 2 45 6
1 2 45 51
3 2 50 65
1 2 50 54
3 3 60 54
6 2 50 55
1 4 54 52
4 3 49 55
7 3 48 54
2 2 44 22
8 2 46 21
7 3 43 22
1 4 45 22
3 3 43 24
2 2 44 20
4 2 44 19
5 2 44 54
3 2 44 56
2 2 43 54
7 3 43 55
4 4 42 54
1 2 44 58
7 2 44 59
7 2 44 12
8 2 44 11
1 2 44 70
1 2 46 58
7 2 46 69
2 2 46 68
3 2 43 3
8 2 43 4
8 2 43 8
8 2 44 86
6 2 45 85
1 3 45 85
5 2 45 84
6 2 45 83
4 2 44 7
3 2 44 8
4 2 45 22
6 2 43 54
7 3 45 22
2 2 42 53
8 3 44 52
8 4 42 53
8 2 42 56
4 2 43 57
5 4 43 58
3 4 42 58
5 3 44 51
1 2 42 7
7 2 43 66
4 3 43 67
8 2 43 58
7 2 43 57
7 2 42 41
1 2 42 55
8 2 42 86
1 3 42 87
3 2 40 4
8 3 40 5
3 3 45 3
1 3 39 4
8 2 41 9
7 2 40 9
2 2 42 4
5 2 42 5
7 2 42 5
6 2 42 10
4 3 42 10
7 2 39 4
4 4 38 3
6 3 39 4
4 2 40 24
2 2 41 89
6 2 41 58
8 2 40 2
5 2 44 88
7 2 44 1
2 2 44 2
6 2 41 53
4 2 40 3
6 2 40 6
7 2 41 23
5 2 39 24
5 2 42 23
8 4 40 24
6 2 42 22
2 4 42 22
3 4 40 24
6 2 45 53
7 2 44 88
3 2 45 87
2 2 45 87
8 2 45 88
4 2 43 88
6 2 42 88
8 2 42 89
6 2 40 89
7 2 41 88
2 3 41 89
7 2 40 89
7 2 39 7
3 2 39 8
3 2 39 18
2 2 38 52
4 3 45 51
8 3 45 52
4 2 41 51
2 2 43 52
4 2 45 52
1 3 43 52
7 8 43 51
2 3 41 53
6 2 38 34
6 2 37 10
7 3 37 9
3 3 37 10
2 4 37 9
4 3 36 7
1 2 38 58
7 3 38 58
6 2 38 67
5 2 39 87
4 2 38 66
4 2 38 59
3 2 38 68
7 2 42 65
2 2 42 64
3 2 44 67
8 3 47 67
5 2 40 11
3 2 42 66
1 2 37 12
1 2 40 11
2 3 40 12
6 2 37 11
7 2 37 12
8 4 36 10
8 2 38 71
5 2 40 65
7 2 43 70
7 2 39 72
2 2 38 72
5 3 40 71
6 5 40 70
4 2 45 68
2 2 40 73
1 2 40 69
5 4 44 67
4 2 49 74
3 2 47 74
6 2 41 64
3 2 41 68
5 2 42 71
4 2 42 72
2 2 45 74
6 4 47 74
4 2 44 74
1 2 43 69
6 2 39 54
6 2 43 66
1 2 43 67
1 2 37 7
5 2 37 8
7 2 41 73
4 2 39 71
8 2 37 2
6 2 40 53
4 2 40 54
5 2 40 54
2 2 37 7
6 3 37 7
3 2 39 53
5 2 37 43
6 2 39 44
4 2 39 6
6 2 38 42
3 3 38 43
8 2 37 6
3 2 37 17
8 2 38 41
6 2 37 18
2 2 38 18
6 2 37 52
5 2 38 18
1 2 37 35
4 2 37 43
2 2 43 74
5 2 43 74
5 2 38 51
3 3 39 50
3 2 37 50
6 2 37 50
2 2 37 50
5 2 37 50
3 2 37 58
1 2 37 65
5 2 37 33
3 2 37 34
6 2 37 64
1 2 36 3
2 2 36 4
8 2 36 8
4 2 36 13
7 2 38 13
7 2 36 70
6 2 41 55
5 2 37 69
2 4 37 69
7 2 39 19
4 2 36 19
3 2 36 20
2 2 35 40
1 2 36 41
2 3 36 40
1 5 36 39
3 4 34 39
8 3 34 39
5 2 35 12
1 2 34 5
3 2 36 53
8 2 36 52
4 2 36 51
1 2 36 52
8 4 35 51
7 2 35 15
6 2 35 15
6 2 35 83
5 2 39 84
2 2 40 68
3 2 41 85
8 2 39 83
4 2 39 84
7 2 40 83
1 3 40 82
1 2 38 13
2 2 36 82
3 4 39 83
2 2 35 84
2 2 34 1
5 2 36 2
1 2 34 11
6 3 34 12
8 2 35 84
4 2 34 10
1 2 34 15
2 2 34 64
3 2 34 58
7 3 34 58
8 2 37 56
8 2 41 70
5 2 37 2
2 2 37 57
4 2 41 66
8 2 34 73
7 3 34 71
4 3 34 73
8 3 43 74
8 2 37 70
5 2 37 75
3 2 37 76
1 2 37 75
7 2 38 70
4 2 39 76
1 2 38 69
5 3 39 68
1 2 40 74
6 2 38 69
3 2 38 70
8 2 37 75
6 2 35 56
1 2 34 10
3 2 35 70
3 2 34 11
5 2 34 24
7 2 34 25
6 2 35 9
7 2 34 49
6 2 34 59
8 2 34 75
5 3 33 75
4 2 36 55
8 2 36 74
5 2 35 75
3 2 33 33
3 2 33 49
8 2 33 55
4 3 33 56
1 2 33 55
3 2 33 19
1 2 33 72
3 2 33 71
4 2 33 71
8 2 33 72
4 2 34 25
2 5 34 24
2 2 34 54
1 2 35 24
7 2 34 43
1 2 36 72
8 2 35 44
3 2 34 72
6 2 34 73
6 2 37 74
3 2 35 74
8 2 35 75
5 2 33 1
7 2 33 82
4 2 32 1
6 3 32 1
2 2 32 7
1 2 36 6
4 2 33 6
2 2 32 15
2 2 37 55
5 2 36 16
4 2 33 16
3 2 34 17
7 2 36 18
2 2 35 18
7 2 33 16
5 2 33 17
8 2 32 26
6 2 32 34
2 2 32 38
8 2 34 39
5 2 32 39
6 2 32 71
4 2 32 74
6 2 32 78
2 2 32 82
6 2 32 83
4 2 32 85
2 2 36 86
1 2 36 18
8 2 32 84
3 2 32 83
2 2 32 84
6 2 31 24
4 2 31 33
2 2 34 34
7 2 34 35
8 2 34 34
4 2 31 59
8 2 33 60
1 2 35 59
1 2 33 60
2 2 33 61
1 2 30 13
6 2 32 12
5 3 32 11
3 2 31 13
4 2 31 14
8 2 31 15
8 2 32 16
8 2 30 17
3 2 30 19
5 2 38 44
7 2 38 87
4 2 38 87
8 2 38 86
3 2 38 88
8 2 37 55
2 2 30 55
7 2 35 54
7 2 33 54
8 2 31 54
6 2 32 53
5 2 33 52
3 2 32 53
5 2 40 20
6 2 31 69
7 2 34 68
5 2 31 65
8 2 38 20
1 2 31 71
7 2 31 87
7 2 32 64
3 5 34 65
1 2 34 64
7 2 30 75
7 2 30 72
3 2 30 72
8 2 30 67
1 2 30 73
1 2 30 86
2 2 34 88
7 2 34 86
4 2 32 64
3 2 31 65
3 2 31 75
6 2 31 76
7 2 30 72
5 2 30 89
7 2 33 88
4 2 30 88
2 2 30 89
4 2 29 13
2 3 29 13
7 2 29 64
3 2 29 37
2 2 29 49
1 2 29 17
5 2 29 65
3 2 34 67
7 2 34 68
2 2 33 50
8 2 33 65
1 2 31 65
2 2 34 66
6 2 31 66
7 2 30 66
7 3 31 66
4 2 29 76
8 2 29 84
3 2 28 9
6 2 30 10
8 3 28 10
2 2 28 11
3 5 28 10
7 3 27 12
8 2 28 14
4 2 29 72
8 2 29 71
5 2 29 72
5 2 28 58
4 2 28 58
1 4 28 57
4 2 28 39
5 2 28 41
5 2 28 50
7 2 30 14
6 2 30 15
3 3 30 14
2 2 30 16
1 2 28 51
2 2 28 75
7 3 28 76
6 2 27 8
2 3 27 8
8 2 27 65
1 2 29 8
4 2 29 66
6 2 31 67
8 2 31 68
5 2 27 73
3 2 26 9
7 2 30 9
2 2 26 19
1 2 26 45
8 2 27 51
1 2 37 89
5 2 37 90
8 2 32 64
4 2 32 64
2 2 27 36
3 2 27 49
6 4 27 49
5 2 26 50
2 2 26 51
7 2 28 52
2 3 28 52
3 2 26 65
8 2 26 49
2 3 25 49
8 2 25 54
4 3 25 54
8 3 24 54
5 2 26 69
6 2 27 68
1 2 26 70
2 2 27 71
6 2 27 72
1 2 26 89
6 2 27 88
4 2 26 88
5 2 28 67
1 4 28 68
7 2 29 20
5 2 30 19
4 3 35 20
8 2 30 19
5 2 30 45
3 2 32 89
7 2 31 21
8 2 34 22
7 2 33 21
4 2 32 46
1 2 26 87
3 2 26 89
7 2 25 7
4 2 25 73
4 2 24 15
8 2 24 14
4 2 25 55
7 2 25 15
6 2 25 55
2 3 26 54
1 2 25 9
4 2 27 10
2 2 27 9
5 2 27 11
8 2 26 11
4 2 25 10
5 2 24 16
2 3 24 15
8 2 28 56
3 3 28 56
3 2 24 19
2 2 29 20
1 2 31 6
3 2 34 23
5 5 33 23
7 2 28 17
2 2 28 18
8 2 25 20
5 2 24 14
1 2 25 13
8 2 24 30
3 2 26 29
3 2 24 30
7 2 26 29
5 2 24 31
2 2 24 36
8 2 31 37
2 2 24 71
7 2 24 78
5 2 24 53
1 2 24 83
1 2 31 37
4 3 31 37
7 2 31 37
3 2 29 82
6 2 28 20
1 2 30 21
8 2 32 23
8 2 29 21
3 3 29 21
2 2 29 22
6 3 28 21
1 2 27 22
3 2 28 23
7 2 28 82
4 2 28 83
6 2 25 35
4 2 25 34
5 2 30 33
1 2 30 33
1 2 24 86
5 2 23 42
8 2 29 43
3 2 28 43
6 3 33 41
4 2 28 44
1 2 27 41
6 2 26 78
6 2 27 42
1 2 26 78
2 2 27 77
1 2 27 78
6 3 26 78
1 2 23 29
4 2 23 35
7 2 23 48
7 2 26 76
1 2 34 44
7 2 23 70
6 5 23 69
2 3 26 68
3 2 24 69
4 4 25 69
5 4 23 68
4 2 25 76
1 2 25 75
7 2 23 15
8 2 23 20
3 2 27 67
4 2 26 19
7 2 25 21
7 2 26 22
1 2 22 19
2 2 23 20
8 3 23 18
4 2 23 73
1 2 22 39
5 2 26 40
5 2 23 89
5 2 27 88
4 2 23 77
2 2 23 76
6 2 22 19
3 2 23 55
5 2 23 56
7 2 23 55
5 2 22 29
6 2 22 59
1 2 23 18
2 2 25 38
7 3 25 38
6 2 24 17
8 2 22 67
3 2 24 38
7 2 22 68
8 2 24 58
5 2 24 88
8 2 27 87
2 2 27 87
6 2 25 67
4 4 25 68
6 2 24 89
1 2 24 89
2 3 23 89
8 2 22 81
2 2 23 82
1 3 23 81
1 2 23 59
2 2 27 80
2 2 26 65
5 2 27 81
3 2 25 60
4 2 23 80
8 2 26 79
4 2 23 88
7 2 21 1
7 2 28 2
5 2 29 3
1 4 29 3
3 3 29 4
7 2 30 3
2 3 30 3
5 3 28 4
8 3 28 3
4 3 28 3
2 2 29 64
3 2 29 65
8 2 33 5
3 2 22 67
5 2 23 66
7 2 25 67
3 2 22 77
4 2 22 84
8 2 22 84
6 2 22 89
1 2 21 2
4 3 21 1
3 2 27 4
6 2 21 2
4 2 21 44
4 2 21 12
1 2 21 36
5 2 24 45
7 2 25 45
8 2 26 37
2 2 26 38
5 2 25 38
1 2 25 45
6 2 21 44
1 3 27 44
7 2 21 44
7 2 28 43
8 2 28 42
5 2 26 44
2 3 28 43
7 3 27 43
6 2 21 64
6 2 24 45
1 2 21 69
5 2 21 71
5 2 22 72
4 2 21 67
1 2 22 66
1 2 22 72
3 2 22 72
7 2 21 67
4 2 21 81
2 2 22 80
8 2 21 73
8 2 21 86
1 2 21 87
7 2 22 80
5 3 21 80
8 2 21 81
7 2 25 82
5 2 25 83
4 2 25 83
3 2 25 63
3 2 24 83
6 2 22 82
5 2 23 83
2 2 20 1
8 2 23 82
1 4 23 82
7 2 21 82
7 2 20 1
5 2 27 86
3 2 24 2
8 2 20 13
7 2 20 11
2 2 20 11
5 2 20 11
6 2 20 15
1 2 20 15
3 2 20 22
3 2 20 12
6 2 20 23
7 3 19 22
3 2 22 21
2 2 20 21
2 2 20 28
6 2 20 29
2 2 20 30
8 2 20 29
5 2 21 30
3 2 20 34
8 3 20 35
4 2 23 35
5 3 29 33
2 3 29 34
2 2 25 24
7 2 25 24
4 2 25 34
7 2 24 33
8 2 23 34
6 3 23 33
3 3 22 34
7 5 21 34
1 3 22 35
8 2 20 82
8 2 20 50
2 2 21 49
5 2 20 45
3 2 25 1
3 2 25 46
8 3 25 46
5 2 20 75
5 2 23 74
3 2 23 75
7 3 22 75
6 2 20 77
2 2 20 78
3 2 22 79
6 2 20 82
1 3 20 81
3 2 20 83
7 2 20 88
7 2 21 87
8 2 22 86
5 2 23 51
4 2 23 52
5 2 24 46
2 2 23 85
6 3 23 84
6 2 22 52
8 3 24 51
1 2 19 11
6 2 19 30
2 2 19 36
5 2 19 37
1 2 19 38
7 2 19 38
8 2 20 39
5 3 20 39
4 3 19 39
7 2 22 52
6 2 22 87
3 2 21 87
4 2 21 87
3 2 20 40
2 3 22 40
6 2 20 41
4 2 22 41
8 2 22 42
3 2 19 45
6 2 23 46
4 3 23 47
2 2 22 45
8 2 20 89
3 2 19 1
8 2 19 6
2 2 19 5
1 2 20 4
7 2 23 86
1 2 22 85
5 2 22 85
2 2 21 4
5 2 27 5
8 4 21 4
6 3 26 5
2 2 21 85
4 2 21 85
7 2 22 85
5 2 20 85
1 5 20 84
8 3 20 86
6 2 20 4
8 3 27 5
5 2 20 87
4 2 19 3
5 2 19 2
7 2 26 1
3 2 21 1
6 2 21 85
2 2 21 86
7 2 20 84
7 2 19 3
2 2 19 37
2 2 19 44
1 2 19 43
2 2 22 42
8 2 21 44
4 2 19 66
6 2 19 69
1 2 18 3
6 2 18 16
2 2 23 46
4 2 22 17
1 2 18 20
5 2 22 19
7 2 21 19
7 2 18 20
6 2 19 20
1 2 18 23
6 2 23 24
6 2 23 1
8 3 24 2
4 2 23 1
2 2 18 58
5 2 22 59
3 2 17 16
4 2 18 22
1 2 18 74
2 2 20 74
3 2 18 75
5 2 19 74
1 2 18 74
6 2 17 41
2 2 17 43
3 2 17 45
6 2 19 46
8 2 21 47
1 2 19 46
2 2 19 47
5 2 18 47
6 2 18 47
5 2 17 69
1 3 17 68
6 2 17 77
8 2 20 78
1 2 21 79
4 2 17 77
5 2 17 89
3 2 17 89
6 3 16 89
1 3 16 90
8 2 16 24
2 2 22 58
1 2 15 31
4 5 22 57
8 3 15 32
8 2 23 58
2 2 16 40
7 2 16 82
4 2 18 83
6 2 15 6
6 2 22 57
8 2 15 38
1 2 15 37
4 3 15 39
8 3 14 38
3 2 15 6
4 2 17 5
5 3 24 6
4 2 23 23
8 2 22 60
1 2 24 7
3 2 21 56
4 2 22 55
8 2 22 56
5 2 17 5
4 2 15 50
6 2 15 50
5 4 15 49
6 2 20 49
2 4 15 50
5 2 19 49
6 2 16 48
4 5 17 50
8 4 15 49
3 2 16 51
2 2 19 52
8 3 19 53
5 2 15 46
4 2 15 45
7 2 23 60
1 2 15 60
5 4 23 61
5 3 14 59
8 3 15 58
7 2 16 58
4 2 17 59
6 2 18 60
6 2 16 60
1 2 18 53
2 3 19 52
1 2 16 60
1 2 15 7
2 2 20 6
7 2 15 51
2 2 16 59
4 2 15 74
8 3 14 74
7 2 14 6
8 2 16 5
3 2 16 6
6 3 15 6
1 2 16 4
3 3 15 6
2 3 14 4
5 2 14 3
7 4 14 5
4 3 14 1
2 2 15 74
1 2 15 80
3 2 14 23
7 2 14 45
8 2 14 45
7 2 15 46
3 2 14 48
6 2 14 61
6 2 14 63
1 3 20 61
3 3 14 60
8 2 20 63
4 2 19 63
4 2 17 52
2 2 17 60
2 5 18 61
7 2 16 2
4 2 14 61
6 2 16 61
1 2 13 50
1 2 13 57
1 2 16 62
5 3 15 61
2 2 14 58
5 3 14 56
2 6 14 55
3 3 14 59
1 2 14 70
2 2 16 56
3 2 17 55
5 2 17 55
7 2 17 54
1 2 14 87
8 2 16 86
3 2 20 85
7 2 20 86
1 2 19 85
5 2 19 85
6 2 18 65
1 3 17 65
4 2 16 64
7 4 17 63
3 3 17 65
6 2 16 65
5 3 16 64
6 2 17 66
8 3 17 66
4 4 16 66
7 2 13 69
3 3 13 67
7 3 20 70
8 2 13 22
7 2 14 21
2 2 14 21
5 2 13 21
1 2 13 63
8 2 13 30
5 2 13 31
6 2 13 68
6 2 14 87
3 2 13 87
8 2 13 88
2 2 12 1
1 2 14 21
8 4 14 20
5 2 17 19
4 2 17 22
7 2 15 22
6 2 15 23
4 2 15 2
1 2 16 24
5 2 15 3
7 2 15 64
6 2 17 63
8 2 12 10
5 2 15 9
4 2 20 72
3 2 19 8
6 3 19 8
7 2 15 67
6 2 12 2
1 2 12 5
1 2 12 35
6 2 13 1
2 2 12 10
2 2 18 10
3 2 15 9
8 3 17 9
3 5 17 8
7 2 12 35
7 3 17 9
6 3 18 34
4 2 17 9
5 2 18 8
4 3 20 7
8 2 16 11
6 2 17 12
6 3 18 12
1 3 18 13
3 2 18 14
5 2 17 12
3 2 16 34
1 2 17 35
1 2 12 11
6 2 12 18
6 2 19 71
3 2 19 72
4 2 12 44
5 2 18 43
8 2 20 7
6 2 20 42
3 2 18 44
5 2 16 43
8 2 12 62
6 2 11 11
1 3 10 11
7 3 9 10
3 2 12 70
7 2 13 71
5 3 15 71
2 3 13 72
1 2 13 72
8 3 13 72
6 3 12 71
5 3 12 72
7 2 12 66
8 2 12 67
1 3 12 68
8 3 11 68
1 2 12 9
5 2 12 9
5 2 11 61
7 2 12 49
1 2 12 54
4 2 13 53
6 2 13 65
3 2 12 60
8 3 12 59
1 2 11 80
3 2 14 55
4 2 15 81
1 3 15 82
2 2 15 83
5 2 14 81
8 3 14 80
7 2 15 79
6 2 14 83
3 2 14 84
3 2 13 81
2 2 12 89
7 2 12 90
4 2 11 35
6 2 15 56
8 2 15 56
7 2 11 69
5 2 11 89
2 2 10 56
3 2 10 72
2 2 11 73
6 2 10 80
3 2 15 79
4 2 10 88
8 2 10 88
3 2 10 89
5 2 21 25
5 2 15 34
6 2 23 17
7 2 23 18
5 2 9 43
3 2 21 26
3 2 14 42
3 2 20 41
8 2 10 6
6 2 20 7
2 2 19 7
7 2 19 7
3 2 18 7
4 2 10 6
1 2 10 31
4 2 17 30
1 2 16 30
7 2 15 30
4 2 12 30
8 2 10 32
2 2 9 24
7 2 9 23
6 4 9 24
4 3 8 22
2 2 15 25
8 3 19 26
6 3 16 25
3 2 11 24
5 3 11 23
3 3 11 23
8 3 10 21
2 2 19 25
7 3 19 26
5 2 19 25
3 2 14 26
5 2 10 23
4 2 10 24
3 2 10 39
6 2 10 39
6 3 13 38
5 2 10 48
4 3 10 48
1 2 9 23
1 2 9 32
2 2 10 22
3 2 10 31
6 3 10 31
4 2 10 33
7 3 10 33
6 2 9 45
8 2 9 48
1 2 9 47
2 2 9 50
3 2 9 39
8 2 9 56
5 2 13 57
3 2 12 51
5 2 12 51
6 2 9 72
5 2 9 70
3 2 9 70
4 2 9 71
8 2 8 10
4 2 8 9
3 2 8 16
8 3 8 17
2 4 16 15
2 4 8 18
6 3 14 18
8 2 16 18
6 2 14 51
2 2 14 52
7 2 14 57
1 2 13 19
4 2 8 33
1 2 8 36
7 2 9 60
5 2 10 35
1 2 11 59
4 3 12 57
2 2 10 35
3 2 9 60
4 2 8 40
4 2 16 16
6 3 16 15
8 2 15 15
1 2 18 25
4 4 17 25
6 2 13 36
1 2 12 36
6 2 8 53
8 2 12 54
6 2 12 55
7 2 11 73
2 2 10 40
7 2 8 59
5 2 8 70
4 2 8 69
1 2 8 56
2 2 17 25
5 2 9 55
7 2 8 69
6 2 8 74
5 2 11 75
8 2 12 76
3 2 12 76
4 3 11 76
1 2 11 75
7 5 11 76
2 2 8 70
3 2 8 70
1 2 7 6
8 2 12 7
5 2 11 54
6 2 12 53
7 2 12 52
3 2 10 52
6 2 10 52
4 3 9 52
6 2 10 74
8 2 10 74
8 2 9 53
7 2 8 50
6 2 8 49
1 2 11 50
8 2 7 35
5 2 7 34
7 4 7 35
2 4 7 33
5 2 7 41
7 3 7 41
5 3 9 40
7 3 10 41
4 2 14 41
1 3 14 42
7 3 14 43
1 2 9 39
6 2 7 27
2 2 12 37
7 2 12 37
5 2 11 37
3 2 11 41
4 2 11 42
5 2 11 43
4 2 12 44
1 2 7 14
2 2 12 7
8 2 12 26
4 2 8 40
1 3 9 41
8 2 8 40
3 2 7 10
6 2 7 15
8 2 8 26
2 2 9 27
5 2 8 25
3 2 8 26
6 4 9 27
5 3 8 26
1 3 6 26
1 2 12 14
5 2 7 47
2 2 9 46
5 2 9 45
6 2 7 41
8 3 9 42
2 2 7 40
5 2 8 39
7 3 7 40
1 4 6 39
1 2 8 43
2 2 7 67
4 2 7 66
3 3 7 67
3 2 8 44
1 2 7 68
4 3 7 69
6 2 7 71
6 2 7 88
7 2 6 5
6 2 6 17
5 2 9 42
7 2 6 18
8 2 12 17
5 2 13 17
5 2 16 28
3 3 16 28
5 2 6 34
4 2 6 42
3 2 6 56
2 2 6 32
8 2 6 57
6 2 6 63
7 2 12 62
7 2 7 64
7 3 10 62
4 3 7 64
1 2 7 65
3 2 7 64
2 2 6 63
7 2 6 65
4 2 6 79
8 2 8 80
2 2 13 18
7 5 12 16
6 2 5 1
2 3 5 2
5 3 4 2
5 2 6 60
8 3 6 61
3 3 6 63
8 2 10 78
3 3 10 78
3 2 5 1
6 2 6 20
1 2 6 20
3 3 11 18
4 3 6 19
8 2 5 13
7 2 5 2
1 2 5 3
2 3 8 2
1 4 9 1
8 3 4 1
8 2 5 64
1 3 4 64
7 3 3 63
7 2 5 16
1 2 5 43
8 3 5 43
7 2 6 12
2 2 8 44
6 3 8 45
4 2 6 11
2 2 5 14
6 2 5 83
4 2 6 84
7 3 8 83
8 3 11 82
6 2 6 83
3 4 7 83
3 2 5 50
8 3 5 50
5 2 6 85
7 2 9 86
5 2 10 86
4 4 10 86
5 2 8 86
8 2 7 51
2 2 4 2
6 2 4 3
1 2 4 10
7 2 4 19
7 2 4 47
5 2 5 57
1 2 5 57
7 2 6 82
2 3 8 81
2 2 7 85
5 2 6 57
6 2 6 82
4 2 6 83
5 2 6 84
1 2 5 82
7 2 5 85
8 2 4 30
3 2 6 86
8 2 6 46
7 5 6 45
6 2 4 72
1 3 4 72
4 3 3 73
6 2 4 31
8 2 4 32
6 2 5 47
1 2 4 86
2 3 3 85
1 3 4 84
8 3 3 87
3 3 5 85
4 2 4 49
1 2 4 33
3 2 4 67
1 2 4 78
8 3 4 78
6 2 4 33
6 2 5 85
2 3 4 83
7 2 4 77
7 2 7 76
6 3 8 76
2 3 8 78
7 3 8 77
2 2 5 48
7 2 4 87
1 2 6 34
1 2 3 1
4 2 3 3
4 2 3 7
8 3 3 8
4 2 7 76
4 2 8 79
1 2 7 88
2 2 3 8
6 3 3 7
4 2 3 18
3 2 3 19
5 3 3 19
8 3 3 20
6 3 8 20
3 2 4 21
5 2 4 21
5 2 3 16
1 2 3 29
4 2 4 20
4 2 3 31
3 2 3 32
7 2 3 51
5 3 3 50
3 3 5 51
6 2 5 53
3 2 6 53
5 4 6 53
2 2 7 54
1 3 7 54
7 2 3 38
2 2 3 42
4 3 3 43
4 2 4 45
2 2 3 48
8 2 9 29
5 2 4 6
6 2 2 5
1 4 2 4
2 2 3 55
3 2 3 53
5 2 3 74
1 2 3 88
8 3 3 89
1 2 3 75
3 2 3 4
1 2 3 50
7 2 4 88
4 2 4 88
5 3 3 88
8 2 3 50
2 2 3 66
5 2 2 3
2 2 3 51
8 2 3 52
5 2 2 27
1 3 2 27
4 3 1 27
2 2 4 25
7 2 2 9
5 2 4 73
7 2 2 31
1 3 2 31
6 2 3 26
3 2 4 72
4 2 4 73
3 2 3 27
8 2 3 74
6 2 3 81
4 2 2 17
7 2 3 27
6 2 2 41
1 2 2 55
6 2 2 54
7 2 2 55
7 3 4 53
3 3 4 55
5 2 2 38
2 2 2 78
3 2 1 23
7 2 2 82
1 2 2 86
8 2 1 2
7 2 1 3
6 2 6 63
6 2 1 3
6 2 4 2
4 2 1 64
7 3 1 65
7 4 2 63
4 2 1 21
2 3 1 19
5 2 2 64
2 2 1 23
1 2 1 34
1 2 1 60
6 2 3 63
4 3 3 63
3 2 1 79
7 2 1 78
2 2 3 64
6 2 1 77
5 2 1 76
1 2 1 87
8 2 5 75
8 2 3 61
5 2 3 60
2 2 1 83
1 2 7 15
7 2 7 55
4 2 7 56
