3519
156
2 12 7 5
4 7 3 12
1 22 13 11
2 12 7 5
3 11 8 2
5 9 6 25
7 12 6 25
3 11 8 2
4 9 6 15
5 8 10 9
6 11 9 8
4 9 6 15
1 7 10 22
8 10 9 21
6 8 8 24
1 7 10 22
4 10 7 22
8 7 22 18
7 7 10 12
4 10 7 22
1 6 11 7
4 7 10 6
5 8 9 8
1 6 11 7
1 6 9 14
6 6 5 12
2 9 11 9
1 6 9 14
7 6 9 21
8 4 9 3
1 9 8 2
7 6 9 21
5 5 7 21
6 6 7 18
6 9 13 18
5 5 7 21
8 4 9 15
3 9 9 17
5 14 11 15
8 4 9 15
1 6 5 18
2 5 2 18
7 10 4 21
1 6 5 18
7 7 9 11
3 4 8 10
8 9 9 8
7 7 9 11
1 6 5 24
4 6 2 2
8 6 1 15
1 6 5 24
4 4 5 6
3 6 5 6
6 5 3 6
4 4 5 6
8 3 10 5
5 3 12 4
1 6 9 4
8 3 10 5
7 3 8 1
7 5 11 2
5 5 4 1
7 3 8 1
8 3 6 14
1 3 4 16
2 6 6 15
8 3 6 14
1 4 8 19
3 3 8 18
7 5 8 18
1 4 8 19
5 3 4 9
2 4 3 8
1 5 4 11
5 3 4 9
5 4 3 8
7 4 3 14
6 4 3 15
5 4 3 8
1 3 7 16
4 4 7 16
3 4 5 17
1 3 7 16
1 3 4 4
5 2 8 12
4 6 5 12
1 3 4 4
2 3 12 21
4 3 6 25
2 4 9 25
2 3 12 21
8 2 5 1
2 2 8 1
6 5 6 2
8 2 5 1
1 3 11 13
7 2 5 12
6 4 5 12
1 3 11 13
3 3 5 13
1 2 5 25
5 5 6 25
3 3 5 13
6 3 7 22
2 2 5 19
4 4 4 20
6 3 7 22
6 3 2 17
2 2 2 24
6 4 3 25
6 3 2 17
1 3 5 17
6 2 1 10
2 4 2 11
1 3 5 17
5 3 5 6
6 3 4 17
4 3 2 23
5 3 5 6
7 2 3 2
4 3 3 2
5 3 2 1
7 2 3 2
4 2 12 3
1 2 1 20
3 3 1 20
4 2 12 3
3 2 7 5
6 2 7 5
3 3 5 6
3 2 7 5
4 2 9 22
7 2 6 3
8 2 8 3
4 2 9 22
2 2 7 3
3 2 5 17
2 2 3 14
2 2 7 3
8 2 3 10
3 2 2 13
5 2 1 16
8 2 3 10
6 2 1 1
6 2 1 4
1 2 1 3
6 2 1 1
2 2 1 4
1 2 1 22
8 2 1 22
2 2 1 4
6 2 1 21
3 2 4 20
2 2 3 20
6 2 1 21